0.0163125
0.0224206
0.00690329
0.000809898
3.72133e-05
4.6211e-06
6.40006e-07
6.75755e-06
1.87363e-06
3.80624e-07
1.55596e-07
4.80199e-07
4.16044e-07
1.53336e-06
1.81208e-07
4.97394e-08
1.08784e-07
2.81976e-07
3.94703e-07
7.81582e-07
9.39351e-08
1.19004e-07
9.21138e-08
2.4038e-07
3.14457e-08
2.9399e-07
1.94421e-07
2.64893e-07
3.21199e-08
5.30187e-08
2.2108e-07
9.6853e-08
1.59937e-08
6.75314e-08
3.58091e-07
4.63916e-07
7.04949e-07
6.36173e-07
2.38753e-07
3.04541e-07
6.68498e-07
1.44793e-06
1.81303e-06
1.03578e-06
4.29995e-07
2.1087e-07
1.98874e-07
1.45334e-07
2.6338e-08
2.04313e-10
2.806e-09
4.68126e-08
1.50234e-07
1.43006e-07
1.5956e-07
8.52132e-08
6.09636e-09
3.35659e-08
5.02927e-08
6.39598e-09
2.18319e-08
1.93546e-08
1.07507e-08
1.87172e-08
2.20419e-08
2.4106e-08
2.69615e-08
2.09092e-08
2.02882e-08
7.92977e-09
5.15395e-09
3.88337e-09
1.49904e-09
1.17105e-10
4.42881e-10
1.73746e-09
1.06958e-09
1.33986e-10
9.54245e-13
1.11291e-10
3.3552e-10
1.10612e-09
8.64235e-10
6.5312e-11
9.94767e-10
3.7731e-09
1.01052e-08
9.33598e-09
2.15903e-09
4.85969e-09
1.70007e-08
2.03855e-08
1.56882e-08
4.82454e-09
8.79374e-10
4.17327e-09
6.04442e-09
1.89094e-08
2.90331e-08
2.90308e-08
2.60605e-08
6.11148e-08
8.6735e-08
7.11517e-08
5.59651e-08
2.61211e-08
4.51196e-10
1.94148e-08
1.77602e-08
5.99432e-08
7.09786e-08
3.46287e-08
2.28243e-08
3.20845e-08
1.03054e-08
2.23112e-08
6.80446e-08
9.85147e-08
2.18924e-08
4.64797e-09
2.65805e-08
1.55431e-07
1.75556e-07
1.53332e-07
2.97317e-07
4.99652e-07
4.38552e-07
3.18622e-07
3.36985e-07
2.83162e-07
1.98407e-07
2.04301e-07
1.50032e-07
2.84223e-07
3.34812e-07
2.72906e-07
2.04742e-07
6.23589e-08
5.68718e-08
1.60745e-07
1.20737e-07
1.20085e-07
1.15296e-07
8.03599e-08
4.04465e-08
9.50408e-08
2.08193e-07
1.42313e-07
4.40987e-08
1.18197e-07
2.6703e-07
2.02837e-07
3.33603e-08
1.62145e-08
5.54371e-08
5.52497e-08
2.90041e-08
3.86336e-08
7.72826e-08
9.40432e-08
2.52519e-07
4.18627e-07
3.29444e-07
1.86429e-07
1.55888e-07
1.52493e-07
1.28922e-07
5.78684e-08
4.30732e-08
1.53162e-07
2.70739e-07
5.99128e-08
1.03871e-07
2.37242e-07
2.5611e-07
1.07848e-07
6.89186e-09
1.51135e-07
3.6509e-07
1.8063e-07
6.14649e-08
1.08988e-07
1.45232e-07
1.5018e-07
1.29807e-07
3.42769e-08
4.69329e-08
3.26379e-08
3.41346e-08
1.10266e-08
1.0597e-08
1.64482e-07
2.89193e-07
1.67768e-07
1.07223e-07
2.21598e-07
2.48994e-07
1.14721e-07
1.06396e-07
2.38906e-07
2.16407e-07
1.06126e-07
1.94968e-07
4.27001e-07
3.40099e-07
7.32766e-08
1.4095e-08
6.45925e-08
1.42032e-07
1.16695e-07
3.65718e-08
6.18968e-08
1.92661e-07
1.76487e-07
1.45658e-08
1.96237e-07
3.28136e-07
1.22825e-07
1.26106e-08
7.13715e-08
5.0395e-07
1.3483e-06
1.43422e-06
8.11044e-07
5.80721e-07
5.54976e-07
3.9083e-07
2.62123e-07
4.98782e-08
5.67426e-08
2.69214e-07
3.16614e-07
3.19944e-07
3.31126e-07
2.20965e-07
8.40626e-08
4.28009e-08
4.3396e-08
9.48749e-08
1.31009e-07
8.64378e-08
5.67472e-08
5.12345e-08
1.66879e-07
2.27314e-07
1.85819e-07
1.84966e-07
1.74703e-07
1.22503e-07
1.22443e-07
2.06051e-07
2.24942e-07
1.12457e-07
3.26384e-08
1.52603e-08
6.29932e-08
1.85928e-07
2.26904e-07
1.30371e-07
4.71673e-08
1.53362e-08
2.19898e-08
5.21245e-08
4.99793e-08
3.43519e-08
2.89958e-08
2.26393e-08
1.27069e-08
1.63962e-08
1.09804e-08
1.70577e-08
2.81373e-08
2.76651e-08
3.07677e-08
3.29636e-08
2.37164e-08
1.55042e-08
1.3782e-08
1.23358e-08
5.86502e-09
1.01473e-09
1.59053e-11
1.64835e-11
1.01559e-12
2.25262e-11
2.62225e-10
1.33863e-09
3.70916e-09
4.43727e-09
5.40192e-09
6.56147e-09
2.32552e-09
7.15683e-09
1.46489e-08
1.45644e-08
1.28055e-08
2.38422e-08
7.03541e-08
1.02616e-07
6.76114e-08
4.58839e-08
9.88481e-08
1.6147e-07
1.27159e-07
7.92998e-08
9.89781e-08
1.4907e-07
1.71773e-07
1.90422e-07
1.56562e-07
9.82832e-08
1.58e-07
5.75838e-07
1.15755e-06
1.06337e-06
6.11444e-07
4.28716e-07
2.4686e-07
2.82302e-07
7.13305e-07
6.8535e-07
4.17888e-07
7.62834e-07
1.12669e-06
1.1303e-06
8.96793e-07
6.81923e-07
4.52539e-07
8.82114e-08
6.86929e-08
2.49971e-07
6.231e-07
1.31267e-06
1.54915e-06
1.07154e-06
3.81708e-07
7.79026e-08
7.93731e-07
1.53132e-06
1.5531e-06
1.51824e-06
1.98719e-06
2.40236e-06
2.51607e-06
2.26742e-06
2.02286e-06
1.83065e-06
1.96406e-06
2.6644e-06
2.80323e-06
1.54518e-06
6.86977e-07
9.12087e-07
1.16812e-06
1.69026e-06
3.93917e-06
5.84105e-06
4.88152e-06
4.77161e-06
5.42824e-06
3.86536e-06
2.29133e-06
1.48383e-06
1.21933e-06
8.83055e-07
1.62397e-08
1.40659e-06
4.08139e-06
4.08119e-06
2.83318e-06
1.76814e-06
1.10588e-07
1.71235e-06
3.02602e-06
4.93647e-07
9.40307e-07
2.6612e-06
5.06777e-06
9.00958e-06
1.01126e-05
5.85087e-06
1.69247e-06
7.22386e-08
2.2303e-07
3.62132e-07
1.69265e-06
4.42101e-06
3.05958e-06
3.65284e-07
1.67759e-06
7.04764e-06
7.13447e-06
1.43806e-06
5.75875e-07
4.52211e-06
4.82828e-06
1.94655e-06
1.92311e-06
4.59093e-06
5.91752e-06
3.84967e-06
6.36995e-06
1.16655e-05
5.68976e-06
1.13151e-07
8.52338e-07
4.53741e-07
2.96727e-07
2.43467e-06
1.22851e-05
2.41457e-05
2.17463e-05
1.04672e-05
4.10788e-06
5.27516e-06
1.14346e-05
1.77183e-05
2.48643e-05
2.61156e-05
1.66224e-05
7.93634e-06
3.9044e-06
2.61955e-06
3.99547e-06
3.67913e-06
6.66342e-06
1.66132e-05
2.15169e-05
1.11234e-05
8.06178e-07
2.02234e-06
9.96618e-07
1.81467e-06
1.41468e-05
3.53321e-05
4.58925e-05
3.59955e-05
2.63785e-05
1.79053e-05
6.99635e-06
1.1874e-05
3.76224e-05
5.71702e-05
6.37623e-05
7.01698e-05
6.41682e-05
5.12096e-05
5.71141e-05
6.94463e-05
7.99064e-05
9.64029e-05
0.000114663
0.00013915
0.000153831
0.000116901
5.49952e-05
2.8102e-05
5.79223e-05
0.000101463
9.3752e-05
3.34201e-05
3.55447e-07
2.18092e-05
3.15939e-05
1.17258e-05
2.59153e-06
1.03682e-05
2.29905e-05
3.6112e-05
4.50862e-05
4.93198e-05
4.36514e-05
2.13872e-05
5.72528e-06
8.28986e-06
1.12641e-05
3.23508e-06
5.86399e-06
4.13072e-05
7.76844e-05
7.31865e-05
4.82941e-05
2.85947e-05
2.11871e-05
1.96435e-05
2.36686e-05
4.53173e-05
3.28608e-05
2.90979e-06
2.6825e-05
2.58354e-05
2.96335e-06
4.08332e-07
6.02119e-06
4.00328e-05
0.00010558
0.00014408
0.000104617
3.34001e-05
6.22801e-07
1.43259e-05
2.47613e-05
1.97112e-05
3.68774e-05
7.83739e-05
0.00014095
0.000221212
0.000253234
0.000183568
7.865e-05
5.89818e-05
8.38141e-05
4.23948e-05
1.77466e-05
4.83624e-05
4.97939e-05
3.08356e-05
1.58659e-05
1.44333e-05
4.59329e-05
8.19161e-05
8.32471e-05
7.52033e-05
7.44032e-05
6.122e-05
6.11952e-05
8.50945e-05
7.88638e-05
5.40456e-05
5.25782e-05
4.90291e-05
2.33238e-05
4.02949e-06
2.14319e-06
1.3559e-05
1.53367e-05
4.65642e-05
0.000154826
0.000156736
7.7465e-05
6.94715e-05
4.83666e-05
2.04222e-05
4.10503e-05
0.000110315
0.000162879
0.000151928
0.000144979
0.000200858
0.000229686
0.000121385
2.68442e-05
5.47993e-05
9.33155e-05
0.000109594
0.000116946
9.6917e-05
7.94033e-05
0.000125024
0.000249111
0.000324578
0.000263954
0.000176084
0.000138044
0.000135411
0.000131091
9.02904e-05
3.97459e-05
2.50876e-05
4.66487e-05
5.37568e-05
4.09435e-05
1.80726e-05
7.48047e-07
7.35454e-06
3.25527e-05
6.28114e-05
9.67092e-05
0.000118269
0.000109179
0.000122794
0.000175073
0.000187599
0.000156952
0.000124354
9.96316e-05
8.11503e-05
9.41507e-05
0.000152793
0.000118819
1.29891e-05
4.95693e-05
0.000118358
0.000111921
0.000125946
0.00018309
0.000212114
0.000207803
0.000168938
7.3078e-05
8.84117e-06
2.29216e-05
4.02093e-05
3.8691e-05
2.83595e-05
2.55742e-05
9.80803e-05
0.000203258
0.000189846
8.6949e-05
1.65728e-05
1.73443e-05
3.03116e-05
3.85584e-05
5.57277e-05
4.35106e-05
7.45059e-05
0.000182318
0.00024847
0.000264242
0.000243484
0.000179403
0.000114894
8.02803e-05
6.27839e-05
5.65643e-05
8.15709e-05
0.000138026
0.000161266
0.000112599
7.99085e-05
0.000137933
0.000201481
0.000105503
1.72882e-05
0.000151345
0.000327557
0.000305238
0.000130124
1.32015e-05
2.57282e-06
4.89863e-06
4.20642e-06
6.31117e-05
0.000129888
9.09165e-05
4.60162e-05
6.4749e-05
0.000118831
0.000143001
0.00011683
5.70686e-05
6.03955e-06
5.79727e-06
5.07466e-05
0.000166734
0.00026541
0.000242384
0.00019477
0.000162425
9.66285e-05
2.21578e-05
3.31167e-06
2.66148e-05
4.66965e-05
3.61006e-05
2.10481e-05
1.80975e-05
9.49463e-05
0.000216067
0.000226198
0.000134225
3.85252e-05
1.51112e-05
5.88383e-05
0.000149104
0.000314534
0.000464464
0.000401632
0.000200724
0.000129385
0.000197292
0.000286548
0.000352884
0.000313272
0.000160414
4.56113e-05
1.94418e-05
3.39698e-06
1.8567e-05
9.17077e-05
0.000142616
0.000146289
0.00015288
0.00014429
7.90783e-05
1.59049e-05
1.03909e-05
7.65921e-05
0.00021986
0.000306414
0.000243732
9.53128e-05
1.80749e-05
9.98372e-05
0.000131269
4.78512e-05
2.56983e-05
3.39774e-05
0.000139181
0.000263174
0.000218843
0.000159037
0.000244797
0.000411337
0.000508045
0.000452533
0.000369686
0.000350957
0.000303713
0.000238535
0.000241207
0.000267428
0.000285583
0.000337631
0.000379193
0.000285749
9.57838e-05
5.55827e-06
5.93794e-06
4.24859e-06
1.41004e-05
3.10645e-05
5.11484e-05
9.83704e-05
0.000169825
0.000177993
8.17863e-05
5.749e-06
9.45586e-06
2.47081e-05
1.93061e-05
1.36949e-05
2.14011e-05
3.61028e-05
2.2479e-05
1.72135e-07
3.48534e-05
7.86005e-05
5.0809e-05
1.62479e-07
8.93571e-05
0.000254756
0.000264553
0.000165219
0.000117529
0.000152695
0.000200827
0.000127524
1.75867e-05
1.72687e-05
4.5904e-05
7.12806e-05
8.03298e-05
3.41972e-05
4.01652e-06
7.15178e-06
1.92591e-05
1.37647e-05
8.91211e-06
4.32584e-05
0.000131581
0.000335412
0.000598448
0.000728897
0.000525097
0.000179603
3.22902e-05
3.5657e-05
6.63719e-05
3.42242e-05
3.26856e-05
7.98687e-05
0.000115997
0.000183814
0.000187812
0.000147788
0.000129787
0.000136615
0.000198781
0.00021486
0.000119601
3.56224e-05
3.39983e-05
3.20148e-05
8.69373e-06
2.47472e-05
5.56451e-05
5.97711e-05
3.57237e-05
7.46936e-05
0.000210791
0.000253994
0.000269211
0.00032028
0.000231084
4.39805e-05
1.19586e-05
0.000133832
0.000327795
0.000396008
0.00024096
5.86292e-05
5.62115e-06
1.80507e-05
6.56292e-06
2.20005e-05
9.24861e-05
0.000105094
6.91742e-05
7.82369e-05
0.000142687
0.000296711
0.000472875
0.000462607
0.00029895
0.000144689
5.38773e-05
2.0931e-05
2.77113e-05
5.16182e-05
4.16784e-05
3.64248e-06
7.61141e-06
1.05926e-05
8.28617e-06
4.23756e-05
0.000160644
0.000247291
0.000209231
0.000135209
8.55782e-05
0.000107474
0.000191497
0.000259249
0.000286951
0.000336419
0.000459852
0.000625791
0.000717197
0.000649907
0.000488617
0.000368193
0.000370756
0.000517776
0.000638584
0.000525069
0.000333485
0.000277738
0.000323375
0.000345257
0.000207703
2.2711e-05
5.7238e-05
0.000201338
0.00022664
0.000162043
0.00010371
9.72212e-05
0.000166559
0.000322971
0.000474182
0.000453303
0.0002825
0.000170609
0.00012628
2.54971e-05
4.08498e-05
0.000237048
0.000270264
0.000113927
2.26183e-05
1.56883e-05
1.38561e-05
5.85963e-05
0.000148473
0.000133992
4.94566e-05
1.59279e-05
2.79215e-05
5.91336e-05
0.000108417
0.000224316
0.00035794
0.00026936
4.10772e-05
2.59634e-05
8.76669e-05
4.71718e-05
4.85283e-05
8.69702e-05
4.41865e-05
5.09969e-05
0.000212843
0.000349276
0.000371439
0.000332323
0.00028533
0.000248096
0.000206304
0.000146071
0.000123649
0.00023338
0.000454552
0.000629565
0.000789606
0.00109849
0.00135873
0.00108962
0.000438956
6.31163e-05
1.56168e-05
2.56501e-05
0.0001632
0.000312282
0.000227711
0.000158051
0.000237615
0.000230525
9.30278e-05
7.73376e-06
7.3419e-05
0.000231457
0.000337374
0.000251321
0.000251444
0.000454137
0.000496517
0.000466163
0.000683815
0.00113587
0.00144373
0.00141648
0.00127697
0.000964911
0.000542395
0.00029561
0.000187521
8.79178e-05
2.03372e-05
1.6108e-05
5.42769e-05
0.000139213
0.000223312
0.000199123
0.000177424
0.000287561
0.000351287
0.000214614
4.09828e-05
1.23504e-05
0.000134639
0.000300886
0.00037504
0.000362644
0.000400049
0.000534011
0.00058924
0.000569769
0.000841432
0.00133005
0.00183008
0.00265074
0.00360395
0.00386112
0.00305816
0.00167489
0.000578441
0.000180589
0.000374475
0.0007363
0.000668199
0.00028846
7.08902e-05
9.38941e-06
8.73422e-05
0.000180341
0.000265154
0.000343773
0.00022506
6.96429e-05
7.05707e-05
0.000417629
0.000856767
0.000746251
0.000328993
0.000124009
3.30959e-05
0.000193164
0.000826462
0.00152075
0.00156151
0.000776931
0.000238528
0.000889206
0.00196671
0.00214898
0.00112695
0.00041576
0.00127267
0.00219923
0.00217394
0.00207297
0.0024396
0.00288807
0.00220304
0.000692427
4.35461e-06
0.000230189
0.000569007
0.000790631
0.000903252
0.000847495
0.000627922
0.000315372
5.74559e-05
2.6422e-05
0.00011272
0.000215898
0.000510467
0.000952041
0.00137545
0.0016509
0.00203619
0.00266542
0.00257316
0.00134298
0.000445212
0.000651117
0.00153071
0.00257397
0.00284804
0.0027827
0.00329255
0.00343907
0.00183857
0.000251571
0.00111234
0.00396159
0.00733961
0.00816292
0.00557188
0.0031453
0.00254005
0.00279553
0.0025776
0.00158356
0.000722484
0.000399524
0.000500737
0.000844974
0.0013513
0.00149213
0.000728569
0.00032296
0.000832451
0.000895462
0.000517549
0.000358698
0.000516851
0.000819111
0.000796578
0.000634258
0.000659463
0.000434042
8.57212e-05
6.54678e-05
0.000137641
0.000216872
0.00028124
0.000241867
0.000386765
0.000778262
0.00099403
0.000672837
0.000162284
3.8109e-06
0.000174612
0.000466838
0.000839493
0.00123508
0.00154343
0.00164051
0.0014345
0.000951102
0.000476164
0.000283301
0.000335234
0.000429706
0.000329378
0.000133337
3.67647e-05
3.40693e-05
6.16648e-05
7.46959e-05
0.000104545
0.000231745
0.000428444
0.000616248
0.000791734
0.000905025
0.000879176
0.00067611
0.000358582
0.000110379
2.77306e-05
5.91839e-05
0.000128224
0.000110872
9.91819e-06
5.32128e-05
0.000199947
0.000179463
4.20788e-05
9.46083e-06
5.70936e-05
7.79383e-05
8.90115e-05
8.45592e-05
6.88242e-05
0.000120635
0.000228603
0.000206277
4.05573e-05
1.40963e-05
7.84361e-05
9.03728e-05
0.000107057
0.000136674
0.000213662
0.000364298
0.000431547
0.000274296
5.95711e-05
2.10341e-05
0.000323593
0.000746334
0.000799687
0.000551468
0.000366437
0.000245957
8.46108e-05
9.7686e-07
1.85788e-05
2.06004e-05
4.77179e-06
4.6912e-06
1.16792e-05
1.05542e-05
4.33693e-05
0.000164283
0.000223241
0.000146194
0.000130274
0.000167924
0.000121623
4.67194e-05
9.16212e-06
6.51097e-06
6.83195e-05
0.000136899
0.000124196
0.00012266
0.000185781
0.000221122
0.000213431
0.000189327
0.000146333
0.000118475
0.000137045
0.000164303
0.000141152
7.61938e-05
6.69368e-06
2.58233e-05
9.95546e-05
0.000134099
0.000166076
0.000189578
0.000117919
2.41733e-05
3.88211e-06
0.000149474
0.000521188
0.000730465
0.0006039
0.000347893
0.000106771
5.33864e-06
8.18869e-06
1.33083e-05
1.57975e-05
2.282e-05
1.4366e-05
4.87385e-06
4.29579e-05
9.80943e-05
0.000119881
6.83777e-05
3.39385e-05
0.000235928
0.000491979
0.00045776
0.000268915
0.000156854
0.000141441
0.000154904
0.000138255
0.000124485
0.000150858
0.000186951
0.00022773
0.00028425
0.000329325
0.000293412
0.00018678
9.02664e-05
4.09611e-05
3.76317e-05
0.000147533
0.000431373
0.000640265
0.000506661
0.000253773
0.000151774
0.000210574
0.000373723
0.000385612
0.000163899
6.13558e-06
0.000131685
0.000502229
0.000716165
0.000508257
0.000209618
8.69067e-05
7.75068e-05
9.44235e-05
7.83888e-05
3.25574e-05
3.61302e-06
1.92373e-06
3.66079e-05
0.000184156
0.000455596
0.000694648
0.000798774
0.000744487
0.000526288
0.000286202
0.000151314
8.09979e-05
2.72913e-05
1.55639e-05
3.16161e-05
6.02284e-05
6.63741e-05
1.6184e-05
0.000120535
0.000384928
0.000449805
0.000273164
0.000118882
8.22084e-05
0.000148725
0.000316354
0.000376971
0.000210459
6.23591e-05
2.87727e-05
6.98596e-05
0.000132815
0.00013659
0.000120686
9.76619e-05
9.23098e-05
0.000225616
0.000446618
0.00040349
0.000192252
0.000196671
0.000264039
0.000206229
0.000115379
5.37647e-05
3.88116e-05
7.53769e-05
0.000139399
0.000164371
0.000182365
0.000267742
0.000338697
0.000365833
0.000339073
0.000228557
0.000131865
7.06579e-05
1.27053e-05
0.000147427
0.000342381
0.000350165
0.000459223
0.000811944
0.00103066
0.000815376
0.000430014
0.000221724
0.000146736
8.57018e-05
2.07712e-05
8.63621e-06
0.000110828
0.00018386
9.95747e-05
3.80172e-05
0.000137266
0.000163949
7.65145e-05
8.85585e-05
0.000135043
0.000147986
0.000203501
0.000235622
0.000129095
2.16216e-05
4.6577e-05
0.00016176
0.000346365
0.00039745
0.00028685
0.000218012
0.000194728
0.000149798
6.55176e-05
4.34276e-05
8.45006e-05
7.60296e-05
3.04316e-05
1.54741e-05
4.6421e-05
7.75761e-05
6.40316e-05
4.18139e-05
4.26851e-05
6.74417e-05
0.000165729
0.000320235
0.000450443
0.000549792
0.000573379
0.00043386
0.000227114
9.80719e-05
4.4548e-05
2.22283e-05
1.56804e-05
2.35268e-05
7.09362e-05
0.00012053
9.10088e-05
3.95666e-05
2.26724e-05
4.62183e-05
0.000107012
0.000201908
0.000358328
0.000485237
0.000419168
0.000245333
0.000137483
0.000101393
6.75788e-05
1.34268e-05
1.17377e-05
0.000109874
0.000209387
0.000204057
0.000141482
9.39413e-05
4.88313e-05
6.92995e-06
6.41456e-06
4.34508e-05
6.64603e-05
4.573e-05
9.90125e-06
1.19597e-05
6.6758e-05
0.000134681
0.000151115
0.000103403
3.65663e-05
1.48669e-06
4.98902e-05
0.000211938
0.00032287
0.000263219
0.000170744
0.000138623
0.000125511
8.68178e-05
8.80669e-05
0.000128559
0.000148468
0.000165006
0.000196813
0.000230838
0.000225302
0.00015949
7.63822e-05
1.65605e-05
3.5291e-06
5.10962e-05
0.000104085
0.000109568
0.000110496
0.000116014
0.000119466
0.000158556
0.000191126
0.000153612
0.000128841
0.000107268
3.13423e-05
8.69972e-07
1.57073e-05
2.45489e-05
3.00473e-05
2.93062e-05
3.01769e-05
5.60514e-05
7.57658e-05
5.64603e-05
3.20208e-05
3.25007e-05
7.45943e-05
0.000167304
0.000275016
0.000316537
0.000261597
0.000175676
0.000117682
8.1451e-05
6.12863e-05
4.60591e-05
1.9793e-05
1.10071e-05
2.20175e-05
1.66885e-05
1.28146e-05
3.87852e-05
6.20894e-05
4.76868e-05
1.68979e-05
1.81981e-06
3.32573e-06
2.18273e-05
3.87016e-05
4.52202e-05
6.33425e-05
0.000100493
0.000104244
6.44827e-05
2.55279e-05
8.56379e-06
1.26032e-05
3.12314e-05
3.65352e-05
2.4903e-05
6.21598e-05
0.000174686
0.000364812
0.000504739
0.000459955
0.000339958
0.00026774
0.000198543
8.52637e-05
2.14549e-05
1.41894e-05
3.25758e-06
5.49477e-05
0.000107112
7.02032e-05
4.0165e-05
4.91588e-05
3.80804e-05
9.22707e-06
9.46251e-06
4.09727e-05
4.99307e-05
3.13266e-05
2.07952e-05
2.20047e-05
1.63066e-05
3.77047e-06
3.59486e-06
2.24773e-05
7.76549e-05
0.00012287
0.00013148
0.000146147
0.000167608
0.000141355
6.70039e-05
1.56219e-05
3.88327e-05
0.000199957
0.000451463
0.000496138
0.000304018
0.000141876
8.38375e-05
9.7611e-05
0.00014972
0.000183591
0.000145087
6.37132e-05
3.51089e-05
9.6431e-05
0.000174781
0.000211704
0.000213442
0.000208724
0.000222157
0.000250092
0.000292185
0.000285372
0.00018325
8.40475e-05
5.41374e-05
7.99611e-05
0.000154395
0.000226089
0.00024432
0.000219968
0.000160756
9.11361e-05
4.20726e-05
1.97336e-05
5.88046e-05
0.000155554
0.000216058
0.000195066
0.00012615
7.90766e-05
8.57681e-05
0.00013862
0.000254732
0.000359602
0.000336148
0.0002339
0.00015578
0.000109066
5.33564e-05
1.81359e-05
9.0044e-05
0.000207301
0.000257598
0.000259372
0.000270099
0.000290116
0.000249725
0.000124937
4.85297e-05
5.40493e-05
3.76299e-05
2.15252e-05
2.77589e-05
1.87843e-05
6.82448e-06
3.1389e-06
6.98661e-06
1.912e-05
4.20571e-05
6.67505e-05
6.49158e-05
4.26196e-05
3.05066e-05
5.63678e-05
0.000109269
0.000117332
7.22856e-05
2.69709e-05
9.13414e-06
2.14458e-05
6.54418e-05
0.000111131
9.36653e-05
4.18705e-05
1.9635e-05
2.34958e-05
2.19558e-05
9.84951e-06
1.62269e-05
5.26318e-05
0.000123284
0.000234454
0.000301404
0.000238138
0.000125496
5.05086e-05
1.01239e-05
2.42123e-06
4.75473e-05
0.000141042
0.000228324
0.000248985
0.00023036
0.000236947
0.000228886
0.000115981
1.82889e-05
0.000100194
0.000261066
0.0003379
0.000269949
0.00014769
0.00010589
0.00013294
0.000147989
0.000119656
6.06311e-05
1.16113e-05
1.84649e-07
2.15e-06
1.16987e-05
5.8745e-05
0.000105854
8.76292e-05
3.63864e-05
8.06334e-06
2.07769e-05
6.77317e-05
0.000107692
0.000111436
0.000101365
9.66574e-05
8.73805e-05
8.6738e-05
0.000107228
0.000137022
0.000124585
6.67444e-05
2.39229e-05
8.81288e-06
5.37032e-06
1.81768e-05
3.34888e-05
3.06831e-05
5.69647e-05
0.00013927
0.000198332
0.000212471
0.000232185
0.000220131
0.000150292
8.74084e-05
7.30479e-05
0.000107381
0.000146806
0.000105704
0.000118763
0.000351652
0.000445301
0.000225815
5.60728e-05
4.86822e-05
7.75478e-05
6.35983e-05
2.61654e-05
4.5698e-05
0.0001061
0.000141978
0.000155077
0.000180058
0.000228743
0.000276788
0.000288643
0.000215501
9.58114e-05
3.41692e-05
2.81846e-05
3.13829e-05
3.49714e-05
2.88632e-05
1.96167e-05
3.65329e-05
4.964e-05
2.9461e-05
1.33665e-05
8.57026e-06
1.12593e-05
3.42603e-05
8.05806e-05
9.60795e-05
5.30545e-05
1.16876e-05
7.72992e-06
4.58274e-05
0.000136503
0.000196528
0.000146036
5.0111e-05
6.51379e-06
1.56289e-05
3.59912e-05
3.8459e-05
4.46423e-05
9.84724e-05
0.000212603
0.000414647
0.000502368
0.000307455
0.000104437
0.000102734
0.000189925
0.000196317
0.000106301
1.8022e-05
1.16599e-05
4.27549e-05
2.08658e-05
2.79956e-07
2.55602e-05
5.27618e-05
4.1661e-05
9.26729e-06
2.95232e-05
9.43377e-05
0.000108233
6.99092e-05
4.72796e-05
4.69113e-05
4.51511e-05
3.681e-05
4.37238e-05
7.72654e-05
0.000101167
9.24169e-05
0.000110276
0.000160717
0.00017438
0.000123666
5.12407e-05
1.58299e-05
1.77836e-05
8.99866e-05
0.000202717
0.00021078
0.000129036
6.06594e-05
3.63522e-05
4.48595e-05
5.36547e-05
4.1583e-05
1.19727e-05
2.59949e-05
0.000207895
0.00051139
0.000702299
0.000672516
0.000529377
0.000399792
0.000326392
0.000243536
0.000128359
3.76816e-05
4.69566e-06
3.46902e-07
1.0802e-05
6.8633e-05
0.000164056
0.00020198
0.000117876
1.96306e-05
3.39453e-05
9.77748e-05
0.000134099
0.000144036
0.000118772
0.000126165
0.000248423
0.000346532
0.000362665
0.000409452
0.000482764
0.000497089
0.000486106
0.000509804
0.000507075
0.000361735
0.000176539
7.64277e-05
2.93117e-05
1.31353e-05
5.40275e-05
8.72262e-05
6.41743e-05
3.32633e-05
2.91998e-05
4.04419e-05
5.8772e-05
5.47716e-05
5.19103e-05
5.45383e-05
2.43812e-05
5.05451e-05
7.72569e-05
5.03575e-05
3.87972e-05
3.2304e-05
1.89332e-05
1.91978e-05
4.13264e-05
6.22654e-05
4.22994e-05
1.74174e-05
3.77163e-05
0.000143327
0.000238631
0.000150256
3.13413e-05
1.2399e-05
1.4644e-05
1.59957e-05
4.26633e-05
6.90156e-05
3.72938e-05
2.92813e-06
2.61952e-05
5.8292e-05
4.60424e-05
1.17016e-05
1.31798e-06
3.53657e-05
0.000103858
0.000162247
0.000170444
0.000153259
0.000138993
0.000115526
9.33031e-05
9.46874e-05
0.000117163
0.000125254
0.000108687
8.057e-05
5.71251e-05
4.5807e-05
3.75513e-05
1.3126e-05
1.92908e-06
4.56878e-05
9.74143e-05
0.000104629
9.21028e-05
7.69946e-05
4.08436e-05
4.61217e-06
2.78209e-06
6.55617e-06
3.50876e-06
5.4934e-06
2.40256e-05
4.66053e-05
6.42517e-05
0.000137957
0.000215385
0.000157118
4.40022e-05
2.10079e-05
7.30561e-05
0.000138689
0.000121738
6.37308e-05
3.56624e-05
2.29617e-05
3.57903e-05
8.42227e-05
8.59547e-05
6.48401e-05
8.20154e-05
9.07391e-05
7.62529e-05
5.14746e-05
2.09834e-05
1.39377e-07
3.14461e-05
9.34765e-05
7.2248e-05
7.57339e-05
0.000265308
0.000468464
0.000463683
0.000295301
0.000152267
9.93776e-05
6.11246e-05
2.03674e-05
3.65997e-05
0.000171257
0.000425925
0.000631961
0.000592603
0.000346017
0.000112116
3.77563e-05
0.000102438
0.000185799
0.000180164
9.31356e-05
1.80157e-05
5.1417e-06
5.37775e-05
0.000146387
0.000211319
0.000178968
0.000108512
8.66568e-05
0.000115523
0.000174966
0.000213797
0.000194568
0.000128453
4.47779e-05
1.30519e-05
5.98721e-05
8.35195e-05
0.000110092
0.000139869
6.25657e-05
9.09447e-06
1.60234e-05
2.11499e-05
3.65581e-05
3.07571e-05
1.65799e-05
0.000116208
0.000449612
0.000877345
0.000998295
0.000638112
0.000186216
1.94905e-05
6.26016e-06
8.34914e-07
2.42195e-05
9.21054e-05
6.02423e-05
0.000120155
0.000467242
0.000663639
0.000517492
0.000254812
9.03196e-05
5.63192e-05
0.000135585
0.000416527
0.000826406
0.00104039
0.000933373
0.000659332
0.00037688
0.000136072
6.70716e-06
4.1435e-05
0.000151209
0.000318317
0.000627662
0.000984493
0.00124685
0.00135362
0.00113934
0.000583941
0.000138069
0.000160112
0.000597913
0.000959887
0.000824853
0.000627039
0.000557716
0.000370654
0.000224678
0.000209405
0.000171287
3.89417e-05
9.08849e-05
0.000723699
0.00120226
0.000710788
9.34402e-05
4.79863e-05
0.000221614
0.000379501
0.000644934
0.00113569
0.00118228
0.000881877
0.00130013
0.00171581
0.00125382
0.000575493
0.000239811
0.000230407
0.000417539
0.000881605
0.0016992
0.00228739
0.00212897
0.00181834
0.00242169
0.00376018
0.00389084
0.00228248
0.00067784
7.10729e-05
0.000393621
0.00100208
0.001335
0.00151615
0.00142398
0.000812716
0.000293925
0.000294442
0.000262528
0.000245708
0.000554735
0.00115795
0.00207035
0.00251438
0.00202711
0.00154635
0.00162034
0.00180866
0.00141636
0.000313211
0.000465256
0.00290651
0.00491518
0.00528493
0.00538902
0.00571859
0.00492179
0.00223447
0.000279624
0.00346237
0.0118671
0.015965
0.0117953
0.00690082
0.00462637
0.00283176
0.00111454
0.0022927
0.00556426
0.00631721
0.00382548
0.000893379
0.000549199
0.003348
0.00628805
0.00660689
0.0046982
0.00240433
0.000773595
2.71539e-05
0.000528894
0.00186678
0.00222419
0.00142686
0.000873674
0.000591953
0.000313449
0.000140697
0.000134187
0.000874
0.00194004
0.00195614
0.00134094
0.00120233
0.00123421
0.000714665
0.000366685
0.00134857
0.0029964
0.00505308
0.00756917
0.00927856
0.00931064
0.00755934
0.0043628
0.00155908
0.000599404
0.00186757
0.00537389
0.00699037
0.00457214
0.00189151
0.00091645
0.000850447
0.000982141
0.000962031
0.000743638
0.000501758
0.000336381
0.000182064
2.97834e-05
1.31568e-05
4.07372e-05
2.56053e-06
7.32934e-05
0.000356099
0.000631418
0.000603218
0.000388086
0.000298549
0.000298145
0.000323213
0.000315923
0.000141558
4.05905e-05
0.000136942
0.000199722
0.000292177
0.000392905
0.000313045
0.000187136
0.000163432
0.000246333
0.000378469
0.0005536
0.000688143
0.00063151
0.000411457
0.000278832
0.000633513
0.00145681
0.00175152
0.000904814
9.19911e-05
3.01292e-05
0.000117713
0.000491676
0.00112739
0.00118827
0.000864633
0.000699953
0.000654806
0.000497177
0.000175062
1.36444e-05
3.26619e-05
0.000107895
0.00019584
0.000235465
0.000212961
0.000108448
1.44307e-05
6.71921e-06
1.62831e-05
3.95459e-05
5.46263e-05
7.07932e-05
0.000154117
0.000238922
0.000325517
0.000445424
0.000511579
0.000397902
0.000175538
4.80793e-05
3.47305e-05
0.000102036
0.00018432
0.000160457
0.000115107
0.000147252
0.000266289
0.000284933
0.000128747
2.40674e-05
1.33022e-05
1.69022e-05
4.64739e-05
0.000181624
0.00042219
0.000446571
0.000203907
1.15822e-05
0.000202384
0.00100376
0.00156344
0.00119508
0.00058318
0.000276884
0.000182748
0.000121252
2.65823e-05
4.37617e-05
0.000380073
0.000635211
0.000398436
0.000162869
0.000214439
0.000262913
0.000133704
1.20046e-05
7.27406e-05
0.000201975
0.000244474
0.000177649
0.000110384
9.0182e-05
9.34409e-05
0.000109867
0.00015642
0.000255658
0.000331404
0.000282742
0.000185444
0.000135777
0.000132956
0.000134024
0.000102785
8.79179e-05
0.000115329
6.58837e-05
2.25442e-05
0.000109083
0.000198463
0.000186562
0.000180594
0.00030799
0.000500664
0.00062276
0.000497645
0.000139138
4.68107e-05
0.000516884
0.000848119
0.000617935
0.000326559
0.000234272
0.000220902
0.000140567
3.33625e-05
1.82545e-05
9.48836e-05
8.24894e-05
7.8289e-05
0.000416884
0.000740697
0.000609714
0.000238207
7.51e-06
0.000108881
0.000360445
0.000440252
0.000433519
0.000389179
0.000213079
6.30535e-05
1.91642e-05
4.60294e-05
0.000168268
0.000308262
0.000304795
0.000229344
0.000199781
0.000193052
0.000161465
0.000137766
0.000144477
0.000140804
0.000101059
0.00011374
0.000343173
0.000716857
0.000748773
0.000479832
0.000337153
0.000373593
0.000368371
0.000174297
2.67767e-06
0.000275416
0.000936996
0.00115427
0.000841782
0.000485589
0.00021619
7.27543e-05
0.000107865
0.000242773
0.000281622
0.000188612
9.22287e-05
4.55982e-05
3.41404e-05
4.23299e-05
2.40858e-05
9.93323e-07
1.49858e-05
7.3127e-05
0.000169745
0.000363381
0.00069185
0.000953763
0.000981661
0.000823424
0.000676375
0.00046183
0.0001415
2.56221e-05
4.18139e-05
3.20401e-05
6.3091e-05
0.000211479
0.000472518
0.000645136
0.000648744
0.000610619
0.000520545
0.000295281
0.000116944
0.000293658
0.000661458
0.000752354
0.000508014
0.000207033
6.91444e-05
8.7294e-05
6.48064e-05
0.000132584
0.000678374
0.00133734
0.00142731
0.000931533
0.000360815
0.000191105
0.00038142
0.000611876
0.000732817
0.000768232
0.000667572
0.00054075
0.000460185
0.000319272
0.000131416
2.29581e-05
2.07756e-05
1.89698e-05
5.20196e-05
6.26141e-05
1.13345e-05
1.40596e-05
0.000126288
0.000321646
0.000481281
0.000541026
0.000526094
0.000480378
0.000484756
0.000604552
0.000761446
0.000777211
0.000710988
0.000811482
0.000924962
0.000647476
0.000264375
0.000378689
0.000762614
0.000790002
0.000411903
0.000128569
0.000137568
0.000280705
0.000474945
0.000477712
0.000257568
0.000390215
0.00108356
0.00168481
0.00161552
0.00108015
0.000596494
0.00030989
0.000108052
1.45671e-06
7.7037e-05
0.000285741
0.000415938
0.000310379
0.000122918
5.82282e-05
4.20392e-05
5.2461e-06
1.19733e-05
4.99761e-05
7.53187e-05
8.32227e-05
7.22377e-05
7.98515e-05
0.000129733
0.000127406
3.18086e-05
3.17826e-05
0.00025986
0.000477754
0.000457325
0.000318828
0.000218749
0.000148509
6.35894e-05
3.0241e-06
5.84477e-05
0.000252275
0.000408631
0.000368343
0.000313871
0.000410559
0.000486316
0.000436536
0.000341079
0.000255159
0.000172536
0.000101452
2.242e-05
4.57334e-05
0.000278102
0.000369885
0.000193722
4.12484e-05
1.51149e-06
1.00286e-05
5.64103e-05
0.000143253
0.000208381
0.000194198
0.000127353
5.02317e-05
7.59583e-06
1.88493e-05
5.8477e-05
9.45701e-05
9.10706e-05
5.18316e-05
3.0999e-05
3.44595e-05
3.36164e-05
2.63825e-05
1.37572e-05
5.59761e-06
4.36488e-05
9.85817e-05
7.43517e-05
2.38788e-05
6.03869e-05
0.000148151
0.00019473
0.000182496
0.000162329
0.000209216
0.00033193
0.00045376
0.000536816
0.000569306
0.000431286
0.000150077
3.53166e-06
3.11872e-05
6.0922e-05
4.6338e-05
1.59528e-05
1.60678e-05
0.000142251
0.000620711
0.0013424
0.00157328
0.0012367
0.000920247
0.000783173
0.000637922
0.000369812
0.00012545
2.02999e-05
5.10946e-06
9.78454e-05
0.000225978
0.000278522
0.000276254
0.000207512
9.52471e-05
1.73399e-05
5.7031e-05
0.000227325
0.000335807
0.000247735
0.000100406
3.37556e-05
4.40058e-05
6.53532e-05
8.56137e-05
0.000115828
0.000161227
0.000223501
0.000297922
0.000337102
0.000255989
8.26802e-05
5.64236e-06
0.000105209
0.000328184
0.000720378
0.00108361
0.000994028
0.00061362
0.000316054
0.000124327
5.60535e-05
0.000179565
0.000468308
0.000684016
0.000555844
0.00037539
0.000503925
0.000609359
0.000497203
0.00039578
0.000401004
0.000465297
0.00053794
0.000541922
0.000378256
0.000123596
1.36767e-05
9.30675e-05
0.000246393
0.000360205
0.000363771
0.000284201
0.000161583
4.91492e-05
4.69262e-05
0.000169737
0.00033604
0.000453082
0.000434065
0.000306539
0.000205829
0.000216499
0.000291759
0.000333988
0.000282306
0.000156339
5.71913e-05
4.71107e-05
8.73729e-05
0.000176543
0.000313437
0.000320771
0.000136294
1.99466e-05
5.20344e-05
8.61438e-05
0.000157596
0.000303787
0.000328909
0.000163637
2.14205e-05
1.45451e-05
7.81604e-05
9.19566e-05
0.000160662
0.00034341
0.000402337
0.000324761
0.000237155
0.000150608
6.10344e-05
2.36284e-05
4.44873e-05
9.60342e-05
0.000130717
6.61961e-05
6.78424e-06
7.43323e-05
0.000137801
0.00010382
4.55585e-05
4.25114e-05
9.4249e-05
9.77928e-05
3.7788e-05
2.40374e-05
4.19661e-05
3.93582e-05
2.56015e-05
5.1479e-05
8.58913e-05
6.91274e-05
2.24533e-05
4.40682e-06
7.81649e-06
1.14078e-05
6.14216e-06
4.16839e-05
9.18268e-05
0.000107541
0.000172213
0.000273673
0.000290417
0.000242368
0.000135548
3.54698e-05
4.63071e-05
7.25916e-05
5.37979e-05
0.000159706
0.000311479
0.000460147
0.00085328
0.0012722
0.00137773
0.00127073
0.00110145
0.000842705
0.000504528
0.000220645
8.5092e-05
6.67995e-05
9.7148e-05
0.00013974
0.000167972
0.00016671
0.000140888
0.000114655
0.000100117
8.15098e-05
8.32727e-05
0.000132922
0.000213936
0.000283066
0.000315939
0.000301877
0.000237532
0.000188864
0.000232315
0.000303514
0.000248333
0.000104746
4.75119e-05
0.000104115
0.000159455
0.000115675
4.38302e-05
6.28733e-05
0.000149891
0.000260908
0.000398149
0.000475807
0.000416481
0.000309284
0.000248795
0.00023341
0.000267664
0.000349441
0.000399042
0.000590443
0.00112956
0.00148023
0.00124234
0.000788102
0.000486134
0.000359007
0.000281738
0.000246553
0.000231896
0.000144625
6.20922e-05
0.000112612
0.000296548
0.000467613
0.00048413
0.000378091
0.000253248
0.000159383
9.63304e-05
4.32651e-05
3.42957e-06
1.64477e-05
7.51066e-05
0.000101445
5.68034e-05
1.33295e-05
9.95105e-05
0.000267478
0.000311222
0.00023095
0.000153347
9.03694e-05
2.74122e-05
4.15174e-05
0.000105286
7.1697e-05
1.08794e-05
0.000126537
0.000349532
0.000429394
0.000313031
0.000163695
0.000139581
0.000227789
0.00022961
0.000101702
4.73127e-05
0.000195958
0.000491835
0.000621189
0.000451244
0.000236726
0.00011433
7.17085e-05
9.23154e-05
9.49453e-05
5.83277e-05
2.33503e-05
1.43245e-05
2.15936e-05
5.79221e-05
0.000106705
0.000111926
8.58051e-05
6.37348e-05
6.57484e-05
8.99838e-05
0.000104307
0.00010428
0.000128728
0.000218736
0.000368403
0.000471566
0.00046519
0.000405766
0.000307792
0.0001508
2.60498e-05
1.47525e-06
5.5241e-07
1.76202e-05
0.000143508
0.000353429
0.000405619
0.000262974
0.000177767
0.000140082
4.66632e-05
1.16853e-06
2.98134e-05
4.665e-05
3.95016e-05
6.29981e-05
9.72509e-05
0.000186269
0.000611282
0.00110798
0.00108487
0.00077753
0.00065096
0.000727693
0.000747163
0.000609148
0.000440667
0.000276361
0.000125492
4.2277e-05
2.14191e-05
2.04026e-05
2.71687e-05
4.43377e-05
7.50106e-05
0.000131188
0.000185838
0.000158672
7.14343e-05
1.88716e-05
1.01774e-05
3.83268e-05
5.44666e-05
5.51408e-05
9.87165e-05
0.000171608
0.000315372
0.000564738
0.000763451
0.000721184
0.000519208
0.000351542
0.000258799
0.000102824
9.18846e-06
0.000262095
0.000624988
0.000683062
0.000369295
6.16465e-05
9.73438e-06
2.84999e-05
4.65589e-06
4.73849e-06
2.37229e-05
3.59606e-05
1.19139e-06
6.00906e-05
0.000173364
0.000221628
0.000212005
0.00014578
0.000111734
5.85824e-05
3.84897e-05
8.57386e-05
0.000147062
0.000111445
0.000163485
0.000266322
0.000228885
0.000118419
6.9922e-05
8.77738e-05
4.33888e-05
9.86525e-05
0.000133563
5.18722e-05
3.63148e-05
7.93958e-05
0.000118803
4.37059e-05
5.59706e-06
4.98392e-05
0.000185196
0.000227516
0.000126341
4.27593e-05
1.13505e-06
4.85622e-05
0.000104332
4.54005e-05
2.1969e-05
8.28274e-05
0.000257147
0.000328826
0.000249383
0.000157196
0.000120948
0.000134872
0.000100606
6.59212e-06
2.59575e-05
7.02626e-05
0.000179437
0.000258832
0.000210361
0.00014193
0.000127259
0.000146126
0.000136513
0.000165683
0.000196968
0.00013956
5.65203e-05
2.30255e-05
2.64472e-05
4.97727e-05
0.000102694
0.000172353
0.000169163
0.00011766
7.18606e-05
3.70626e-05
3.28385e-05
0.000104972
0.000177048
0.000156529
0.000135861
0.000155642
0.000179657
0.000222368
0.000359082
0.000465569
0.000316167
9.68014e-05
5.00934e-05
5.21601e-05
6.00951e-05
0.000168397
0.000284462
0.000285507
0.000187995
8.70536e-05
7.42506e-05
0.000116743
0.00012879
9.84925e-05
5.11442e-05
5.69068e-06
5.088e-05
0.000179303
0.000397364
0.000890531
0.00121718
0.00101518
0.000711988
0.000593787
0.000627405
0.00069667
0.000609638
0.000305049
6.65345e-05
2.12226e-05
4.9916e-06
7.63745e-05
0.000238994
0.000222139
7.09333e-05
3.18316e-05
0.00011267
0.000217147
0.000327316
0.000479501
0.000598692
0.000534175
0.000387577
0.000375615
0.000542209
0.000761789
0.000841314
0.000689552
0.000440264
0.000204314
5.40593e-05
3.50404e-05
0.000124165
0.000293656
0.000373433
0.000597281
0.000854961
0.000704374
0.000286075
1.59905e-05
6.36292e-05
0.000165227
0.000126806
6.68738e-05
0.000167328
0.000667834
0.00169757
0.00314375
0.00386784
0.00300693
0.00161537
0.00085666
0.000703719
0.000710283
0.000689102
0.000619459
0.000468721
0.000254261
0.000156333
0.000476322
0.00101793
0.000964824
0.000325568
7.32681e-06
0.000176874
0.000376401
0.000468095
0.000585001
0.000754394
0.000757216
0.000566829
0.000513153
0.000757781
0.00114512
0.00119129
0.000716293
0.000265052
7.21332e-05
3.47417e-05
0.00039026
0.00112315
0.00170077
0.00111424
9.47872e-05
0.000256429
0.000711019
0.000509893
0.000152548
0.000293277
0.00105887
0.00139939
0.000670891
0.000474318
0.0011962
0.00254698
0.00546313
0.00780572
0.0069212
0.00414105
0.00182321
0.000667293
0.000280014
0.000289377
0.000494466
0.000581932
0.000571183
0.000823803
0.0014634
0.00238696
0.00291341
0.00240265
0.00140587
0.000847832
0.000724114
0.000439917
6.74007e-05
0.000140445
0.000416111
0.000645474
0.000810339
0.000962854
0.000854839
0.000376266
0.000445171
0.000924675
0.000898006
0.000518806
0.000494669
0.000947055
0.000833525
0.000685035
0.00257708
0.00389186
0.00289751
0.00181195
0.00105246
0.00108835
0.00330025
0.0063845
0.0049345
0.00197036
0.00813145
0.0269374
0.0494485
0.0528424
0.0355472
0.0202802
0.012635
0.00536613
0.000406266
0.00753765
0.020762
0.0235458
0.0141293
0.00268687
0.00128172
0.0107047
0.0171116
0.0141543
0.00886779
0.00621898
0.0046167
0.00208127
0.00107429
0.00287633
0.00256815
0.000842167
0.00137508
0.00171873
0.00177221
0.00163749
0.000559491
0.00161862
0.0035655
0.00220297
0.000377045
0.00103405
0.00150047
0.000358918
0.00220927
0.00590493
0.00454646
0.00156272
0.00359276
0.0101017
0.0189938
0.0269308
0.0232349
0.011566
0.0173703
0.0568594
0.107959
0.117635
0.0798236
0.0416001
0.0237181
0.015155
0.00648301
0.000928151
0.00240391
0.00548263
0.00427811
0.00202473
0.00572205
0.0110811
0.00971576
0.00495513
0.00358862
0.00485027
0.00524072
0.00374911
0.00209547
0.00169151
0.00117382
0.000248537
0.000392468
0.000833772
0.000798962
0.000527822
0.000179284
1.10936e-05
3.90946e-05
0.0001145
2.74478e-05
0.000117547
0.00082255
0.00216334
0.00389653
0.00479974
0.00406364
0.00297276
0.00189766
0.00061074
2.24315e-05
0.000112707
0.00104463
0.00301282
0.00273448
0.000668183
0.00223355
0.00575843
0.00610524
0.00386085
0.00182687
0.000743315
0.000242828
0.000349259
0.00108981
0.00144042
0.000911982
0.000571055
0.000766232
0.00106341
0.00132608
0.00128019
0.000691417
0.000146939
3.72918e-05
0.000167206
0.0008373
0.00183738
0.00194378
0.00108173
0.000276216
7.86705e-06
8.06455e-05
0.000227385
0.000416831
0.000619838
0.000617089
0.00036931
0.000193778
8.89821e-05
3.0238e-05
4.23518e-05
0.000240857
0.000545509
0.000559134
0.000742741
0.00106626
0.000793814
0.000282592
5.39598e-05
0.000316688
0.00132932
0.0021506
0.00151511
0.000308676
0.000103285
0.000531853
0.000586373
0.000321201
9.35803e-05
5.75886e-06
0.000322489
0.000868686
0.000989712
0.000617566
0.000143839
5.02713e-05
0.00031131
0.000261015
0.000184829
0.000385415
0.000357608
0.000169694
6.37793e-05
5.17718e-05
0.000205393
0.000548907
0.000864732
0.000843407
0.000522639
0.00028828
0.000247961
0.000110768
9.5858e-05
0.000274119
0.000236477
0.000120999
4.30912e-05
1.04327e-05
5.6962e-05
0.000296493
0.000445609
0.000197373
4.52112e-05
0.000184105
0.00044808
0.00073456
0.000812133
0.000651458
0.000589324
0.000666079
0.000617564
0.000427151
0.000321758
0.00035002
0.000248422
8.92943e-05
0.000152128
0.000163803
0.000130187
0.000217934
0.000295961
0.000309738
0.000310775
0.0004259
0.000614009
0.000522955
0.000208461
6.82494e-05
0.000320349
0.000703035
0.000883627
0.00088465
0.000644087
0.000189027
2.46821e-06
7.91346e-05
9.14653e-05
0.00019722
0.000336414
0.000245188
7.42121e-05
1.19927e-05
1.21659e-05
8.09655e-05
0.000142563
0.000146677
0.000321246
0.000968307
0.00136421
0.000942045
0.000310382
2.63931e-05
0.000205666
0.000672084
0.000949451
0.000778825
0.000543444
0.000520997
0.000544449
0.000554365
0.00066469
0.00090094
0.00119977
0.00155632
0.00176136
0.00130995
0.000565994
0.000283715
0.0004546
0.000812448
0.00112772
0.00118397
0.00108314
0.00102784
0.000905543
0.000539409
0.000154553
9.79199e-06
5.86175e-05
0.000171674
0.000205664
0.000237551
0.00059065
0.000883584
0.000602408
0.000204511
0.00031869
0.000975854
0.00160124
0.00157924
0.00110809
0.000873467
0.00117768
0.00154873
0.00137355
0.00109681
0.00111771
0.00109619
0.000808649
0.000475369
0.000341133
0.000414316
0.000555698
0.000480221
0.000118269
6.35125e-05
0.000740942
0.00157804
0.00179404
0.00134446
0.000917787
0.00100791
0.00165712
0.00232435
0.00232362
0.00171434
0.00102461
0.000710976
0.000799787
0.0011236
0.00137133
0.00115886
0.000590135
0.00016834
2.88764e-05
4.73928e-05
0.000215102
0.000522968
0.000758467
0.000774066
0.000986594
0.00164944
0.00217609
0.00211164
0.00166369
0.0011684
0.000794503
0.000641874
0.000668275
0.000682964
0.000655783
0.000590042
0.000373905
0.000105594
1.37536e-05
7.52672e-05
0.000418236
0.00104242
0.00158298
0.00196377
0.00217966
0.00196364
0.00123468
0.000428804
3.82693e-05
0.000162727
0.000381993
0.000366482
0.000281781
0.000242264
0.000166234
6.00714e-05
6.68434e-06
4.49659e-05
0.000115496
0.000137999
0.000191228
0.00041683
0.000771496
0.00110972
0.0012387
0.0010218
0.000650635
0.000451928
0.000532789
0.00077548
0.00089399
0.000726177
0.000392556
8.89779e-05
2.13532e-05
0.000374516
0.000966802
0.00133088
0.00119944
0.000751393
0.000361183
0.000172789
0.000114154
0.000152253
0.000432316
0.0010977
0.00176266
0.00155572
0.000648207
8.69431e-05
3.07598e-06
6.09292e-05
0.000194025
0.000348451
0.000486317
0.000891668
0.00167832
0.00248833
0.00262263
0.00199651
0.00150719
0.00169342
0.00223924
0.00261607
0.00252378
0.00195345
0.0012659
0.000788106
0.000502241
0.000352634
0.000313622
0.000326782
0.000316255
0.000284063
0.000390925
0.00055553
0.000485585
0.000301251
0.000209787
0.000276653
0.000706935
0.00153309
0.00202623
0.00143016
0.000409899
2.60085e-05
8.18537e-05
0.000305173
0.00102313
0.00194974
0.00219079
0.0013809
0.000224869
0.000248221
0.00173787
0.00304027
0.00332265
0.00281334
0.00189577
0.00127843
0.00112487
0.00102008
0.000688962
0.000407562
0.000484458
0.000957731
0.00145744
0.00147409
0.00105149
0.000578973
0.000208052
9.1416e-05
0.000401132
0.000799534
0.000964635
0.00114283
0.00133628
0.00123214
0.000872164
0.000602353
0.000701872
0.00108644
0.00139052
0.0014053
0.00119139
0.000936955
0.00070331
0.000602719
0.000705333
0.000805824
0.000766854
0.00071656
0.000772264
0.000991904
0.00119222
0.00113429
0.000791781
0.00048012
0.000660109
0.00114073
0.00121854
0.000961115
0.000650901
0.000195498
7.09247e-05
0.000580027
0.00141934
0.00232853
0.00297837
0.00280064
0.00187125
0.00100872
0.000613688
0.000616011
0.000784998
0.000819133
0.000722162
0.000643518
0.000678471
0.000964787
0.00145037
0.00159195
0.00106492
0.000384421
2.83861e-05
0.000160069
0.000821176
0.00155803
0.00176636
0.00134317
0.0007789
0.000580509
0.00077384
0.00129276
0.00176837
0.00140712
0.000512247
9.83387e-05
6.79671e-05
0.000158585
0.000230449
0.000245555
0.000233684
0.000280881
0.000554093
0.00103937
0.00131831
0.00110206
0.000565532
0.0009319
0.00228629
0.0028471
0.00217805
0.00119803
0.000500425
0.000178885
0.000113157
7.90121e-05
0.000133491
0.000668309
0.00184491
0.00305412
0.00334134
0.00256644
0.00161622
0.00118803
0.0012546
0.00149175
0.00163792
0.00189042
0.00247143
0.00297385
0.00266963
0.00172668
0.000852623
0.000259027
0.000106274
0.000270153
0.000349194
0.000272813
0.000109727
4.76076e-06
4.36831e-05
8.40618e-05
0.000588729
0.001489
0.00181527
0.00166524
0.00154241
0.00160522
0.00188271
0.00220894
0.00212691
0.00186258
0.00209697
0.00209819
0.00123329
0.000407161
0.000337518
0.000636662
0.000703469
0.000693118
0.000996984
0.00175049
0.0025444
0.0025668
0.00157704
0.000495675
0.000164177
0.000194638
0.000226792
0.000324652
0.000433528
0.000434795
0.000232913
7.51025e-05
6.3678e-05
7.03334e-05
4.82353e-05
8.28825e-05
0.000334673
0.000689632
0.000898785
0.000948764
0.00087049
0.000584276
0.000219257
0.000159445
0.000577631
0.001324
0.00187969
0.0016105
0.000767249
0.000301572
0.000393927
0.000671549
0.000996974
0.00124409
0.00124264
0.000944195
0.000652223
0.000624319
0.000748539
0.000782265
0.000600988
0.000549051
0.000822701
0.000675478
0.000133252
0.000134064
0.000350278
0.000341757
0.000951843
0.00197275
0.00217331
0.00244173
0.00419599
0.00647846
0.00678751
0.00470771
0.00252892
0.00165785
0.00168583
0.00169667
0.00132968
0.00101527
0.00106285
0.00115788
0.000971861
0.000698728
0.000384185
2.72751e-05
0.000259028
0.0012817
0.00220842
0.00234746
0.00175778
0.000978104
0.000608208
0.000630968
0.000720644
0.000902543
0.00111002
0.00103593
0.000594783
0.000108397
5.23088e-06
1.25306e-05
4.58204e-05
0.000350366
0.000553922
0.000285514
2.64917e-05
0.00163655
0.00542685
0.00742044
0.00555617
0.00242611
0.00062007
0.000246641
0.000363972
0.000171342
0.000150949
0.0019637
0.00571464
0.0112813
0.0143981
0.0119875
0.00791681
0.00535587
0.00398538
0.00308661
0.00246368
0.00187165
0.00136127
0.00147933
0.00279654
0.00488989
0.00511448
0.00273295
0.000564828
4.08158e-05
0.000448949
0.000706313
0.000545772
0.000483418
0.000339501
7.72606e-05
8.08813e-05
0.000378895
0.000833597
0.00142829
0.00172448
0.00185857
0.00275541
0.00454095
0.00621416
0.00675314
0.00632523
0.00490338
0.00223272
0.000652577
0.0026447
0.00623045
0.00879631
0.00844802
0.0062486
0.00511189
0.00506564
0.00354239
0.000753798
0.000451611
0.0061224
0.0188428
0.0256718
0.0187472
0.00868662
0.00309279
0.000983406
0.000333377
0.000238461
0.000298355
0.00031796
0.000441147
0.00118904
0.00317849
0.00428947
0.00280852
0.000961532
0.000335984
0.00084807
0.00137769
0.000715071
0.000100752
0.000193817
0.000280807
0.000461383
0.000821342
0.000102848
0.000514124
0.00126089
0.000944938
0.00136349
0.00259203
0.00368811
0.00366449
0.00393443
0.004357
0.00341248
0.00549022
0.0108429
0.0136101
0.0143817
0.0130521
0.0119617
0.0123887
0.00806654
0.000858198
0.00211683
0.00867254
0.0205439
0.0393919
0.0536093
0.0527194
0.0379972
0.0217662
0.0128568
0.00898875
0.00495483
0.00160429
0.00132653
0.0033107
0.00564925
0.00719101
0.00713756
0.00475377
0.000887687
0.000408561
0.00219647
0.00169719
0.00106601
0.0016558
0.00258339
0.0023551
0.0018214
0.00159903
0.000845436
0.000279846
0.00248291
0.00544627
0.00738809
0.0101418
0.0142945
0.0182027
0.0163383
0.00897686
0.00461007
0.00789703
0.0171701
0.0282366
0.0322666
0.0240253
0.0145883
0.0114585
0.00992827
0.00285161
0.00257144
0.0231412
0.0420171
0.0644808
0.0805914
0.061825
0.0365978
0.0277044
0.0236134
0.0156391
0.00862524
0.00424233
0.00114717
2.91055e-05
0.00306583
0.0127328
0.0204983
0.0134123
0.00348297
0.000950615
0.000527143
0.000573387
0.000792606
0.00134725
0.00149229
0.00247054
0.00479439
0.00685368
0.00577157
0.00295972
0.00224968
0.00177201
0.00234589
0.00853646
0.0232844
0.0350712
0.0335892
0.0226339
0.0100274
0.00945105
0.0284663
0.0504039
0.0567293
0.0473744
0.0367247
0.0331291
0.0262707
0.00815815
0.000403178
0.0123112
0.0441656
0.0969915
0.115835
0.0833784
0.0489507
0.034484
0.0281697
0.0197964
0.012966
0.00830143
0.00308625
0.000409824
0.00168027
0.00964301
0.0169738
0.012334
0.00330659
4.82843e-06
0.0015278
0.00288238
0.00183803
0.000636531
0.000687563
0.00127585
0.00105612
0.000791205
0.00144312
0.0022583
0.0016777
0.000327398
7.43181e-05
0.000863757
0.00734262
0.0166519
0.0219332
0.0194831
0.0111129
0.0163334
0.0394797
0.0592066
0.0658984
0.0515462
0.0307587
0.0238143
0.0190028
0.00424216
0.00351232
0.0165526
0.0532782
0.137478
0.183618
0.140428
0.0759676
0.0440392
0.0369585
0.0318116
0.0242476
0.0155842
0.00695324
0.00359581
0.00666026
0.0140371
0.0198103
0.0195069
0.0147704
0.00982012
0.00827567
0.00719069
0.00478331
0.00414282
0.00481822
0.00361863
0.00156408
0.00208985
0.00680025
0.0158282
0.0184062
0.0119735
0.00650655
0.00505921
0.00632263
0.0109026
0.0178005
0.017167
0.00698979
0.0148573
0.0475837
0.075617
0.0825775
0.0662528
0.0424068
0.0293777
0.016162
0.00175044
0.0282427
0.0737952
0.105503
0.159529
0.182367
0.125179
0.0553182
0.0205965
0.011023
0.00834262
0.00770735
0.00705442
0.00572995
0.0108101
0.0259747
0.0389296
0.0340443
0.0197145
0.0161199
0.0213443
0.0187604
0.00863002
0.00276244
0.00193881
0.00604485
0.0115594
0.0105583
0.00824757
0.0106883
0.0167035
0.0197859
0.0186053
0.0176764
0.0199714
0.0258846
0.0351636
0.0447105
0.0400195
0.0168928
0.000604871
0.00856136
0.036501
0.0541569
0.045312
0.0356773
0.0393825
0.0319303
0.00386081
0.014143
0.0666461
0.122096
0.200072
0.223581
0.133667
0.0434061
0.0121408
0.00390576
0.00434771
0.0465125
0.0916155
0.0640882
0.0176472
0.00678268
0.0138793
0.0121561
0.000278364
0.0192723
0.0667203
0.0778605
0.0517923
0.0407411
0.052286
0.0566341
0.037858
0.0687636
0.176108
0.192307
0.0997732
0.0428845
0.0481407
0.0929346
0.133599
0.171303
0.292026
0.496513
0.558745
0.301617
0.122552
0.301327
0.539415
0.685309
0.695621
0.67593
0.765464
0.73213
0.331046
0.034851
0.32136
1.03142
1.92466
2.21563
1.5458
0.777172
0.427662
0.290115
0.149638
0.0329782
0.00107295
0.000288772
0.0119452
0.0612942
0.123794
0.12969
0.0641022
0.0165797
0.0340997
0.057337
0.0520565
0.0370116
0.0255942
0.0217948
0.0341394
0.0766073
0.118139
0.0985363
0.0457271
0.017604
0.0160713
0.023669
0.0206631
0.0110386
0.0190119
0.0525567
0.0822317
0.06563
0.0259723
0.00395521
0.00127397
0.0118023
0.0279479
0.0545661
0.095493
0.120148
0.096698
0.056565
0.0440472
0.0583354
0.0760859
0.0739392
0.0505868
0.0278517
0.016901
0.0136453
0.00972929
0.00480547
0.00412583
0.00663776
0.00876442
0.00938807
0.0121244
0.0154847
0.014151
0.0118465
0.00861259
0.00253443
0.00081377
0.00524813
0.0116619
0.0145442
0.00687116
4.39057e-05
0.00371752
0.00674167
0.00477625
0.00207385
0.000862703
0.00110344
0.00202316
0.00310338
0.00404316
0.00433391
0.00257278
0.000541337
0.0023815
0.0105208
0.0177484
0.0171783
0.0144566
0.0139686
0.0178934
0.025168
0.0245559
0.0123894
0.0111576
0.0350002
0.0640836
0.0627779
0.0346785
0.0150406
0.0123631
0.0152574
0.0135716
0.00879933
0.0055636
0.00482099
0.00657992
0.00952789
0.0119097
0.00974138
0.00413851
0.0028082
0.00401961
0.0033515
0.00274919
0.0021261
0.00127085
0.00198962
0.00218687
0.00059524
0.000183739
0.00212362
0.00363292
0.00278464
0.00139268
0.00121025
0.00179053
0.00291666
0.00431057
0.00505653
0.00421778
0.00252907
0.0042593
0.00987084
0.0119072
0.00903981
0.00531157
0.00281916
0.00232866
0.00396557
0.00557509
0.00350433
0.000263677
0.00795161
0.033957
0.0514458
0.0397939
0.0197291
0.00880016
0.00485601
0.00268995
0.00114507
0.000948057
0.00230544
0.00353503
0.00412702
0.00586649
0.00665508
0.00377436
0.000564466
0.000258278
0.00238885
0.00477299
0.00469412
0.00279226
0.00154477
0.000751827
0.00016606
0.000196137
0.00113462
0.00295612
0.00379516
0.00270038
0.00188421
0.00214298
0.00243653
0.00228695
0.0020159
0.00144367
0.000909389
0.00412846
0.00990248
0.0110404
0.00875344
0.00514166
0.00174384
0.000434377
4.49284e-05
0.00142082
0.00456707
0.00486853
0.00699473
0.0208724
0.034105
0.0317321
0.0201424
0.0103019
0.00526524
0.0031884
0.00186174
0.00083673
0.000752714
0.00174186
0.00393479
0.00647908
0.00738664
0.00580186
0.00256538
0.000178692
0.000512539
0.00190356
0.00246125
0.00263504
0.00265897
0.00222199
0.00149993
0.000834093
0.000971522
0.00215733
0.00318654
0.00345609
0.00341788
0.00317444
0.0028586
0.00310324
0.00397703
0.0036785
0.00116654
0.00064251
0.00501563
0.0101816
0.012124
0.0105037
0.00740342
0.004523
0.00200964
0.000719099
0.00150181
0.00157988
0.00166078
0.00760829
0.0142624
0.0134693
0.00859354
0.00481164
0.00267859
0.00152936
0.00105922
0.000726003
0.00024055
6.11351e-05
0.000808307
0.00251447
0.00396487
0.0041365
0.00316993
0.00168233
0.000520114
9.77494e-05
2.73736e-05
1.36734e-05
2.99691e-05
0.000158647
0.000392643
0.00049595
0.000321292
0.000104541
1.23089e-05
4.6078e-05
0.000577805
0.00170353
0.00241013
0.0021608
0.00162425
0.00128519
0.00114616
0.00119783
0.00128438
0.00134348
0.00162239
0.0019503
0.00228298
0.00260357
0.00245799
0.00129102
0.000134369
0.000306595
0.00270743
0.00845249
0.0131078
0.0122022
0.00872049
0.00618529
0.00446685
0.00257193
0.000989637
0.000702515
0.00138313
0.00196301
0.00197568
0.00169292
0.00119626
0.00048453
0.000111152
0.000370877
0.000785551
0.0009408
0.000926496
0.000846633
0.00078244
0.000810191
0.000776961
0.000517909
0.000259707
0.000349796
0.000808796
0.00119723
0.00100759
0.000507142
0.000245931
0.000151656
5.15939e-05
2.09253e-05
0.00046361
0.00189341
0.00392091
0.00478418
0.00359131
0.00170279
0.000570967
0.000242994
0.000200355
0.000188249
0.000800756
0.0020489
0.00288524
0.00511568
0.007935
0.0078777
0.00631205
0.00544685
0.00486609
0.00361104
0.00202371
0.000733859
0.000221085
0.000693013
0.00186815
0.00341838
0.00416149
0.00306157
0.00126576
0.00022298
8.68039e-05
0.000506006
0.00111631
0.0016978
0.00225088
0.00283587
0.00325086
0.00307727
0.00231432
0.00158954
0.00138645
0.00156271
0.00196213
0.00277831
0.00379814
0.00389843
0.00276129
0.00112894
7.24819e-05
0.00119938
0.00437628
0.00649713
0.00583478
0.00369376
0.0019188
0.00124642
0.00134262
0.00142417
0.00113994
0.000633112
0.000268558
0.00155223
0.00320027
0.00277667
0.00157832
0.000964637
0.000722792
0.00040893
0.00012975
9.27936e-05
0.000290993
0.000493995
0.000479291
0.00101804
0.00185481
0.00159345
0.00104192
0.00116145
0.00124656
0.000884354
0.000300856
9.63573e-07
0.000236943
0.000460403
0.000470728
0.000488511
0.000519608
0.000427959
0.000221962
8.80775e-05
3.84719e-05
2.31907e-05
0.000477861
0.00133532
0.00220504
0.00295976
0.0030168
0.00236287
0.00185975
0.00139403
0.00118306
0.00124699
0.00107753
0.000912808
0.000630404
0.00018539
9.34131e-05
0.00057084
0.00233471
0.0055603
0.00730703
0.00628545
0.00453296
0.00348438
0.00308465
0.0024771
0.00145416
0.000562329
0.000273686
0.000464193
0.000654947
0.000873002
0.00084583
0.000366761
2.40579e-05
0.000206799
0.000715111
0.00107686
0.000932474
0.000561527
0.00034985
0.000205484
0.00012691
0.000258111
0.00062827
0.001066
0.00113456
0.000772747
0.000466393
0.000402488
0.000497712
0.000609097
0.00053084
0.000180813
9.03642e-05
0.00134423
0.00340154
0.00431034
0.00382503
0.00265411
0.00146718
0.000731597
0.000241215
5.00175e-06
0.000551458
0.00159898
0.00295044
0.00488662
0.00587766
0.00501546
0.00349892
0.00229235
0.0015814
0.00123331
0.000970134
0.000581737
0.000231343
0.000319109
0.000873753
0.00163673
0.00199792
0.00161649
0.000873785
0.000287617
6.25481e-05
4.52011e-05
8.52755e-05
0.000174547
0.000349538
0.000575856
0.000689364
0.000723868
0.000835927
0.000867746
0.00059393
0.000291078
0.000229587
0.000414087
0.000757647
0.00105917
0.00118849
0.00096313
0.000382527
0.000210354
0.000898981
0.00180202
0.00236585
0.00222709
0.00152926
0.000912231
0.000520519
0.000227497
0.000118424
0.000242994
0.000852313
0.00223129
0.00319844
0.00271141
0.00161138
0.000889644
0.000621121
0.000476594
0.00026838
9.24754e-05
2.06375e-05
1.27132e-05
0.000114461
0.000352925
0.000449555
0.000247073
4.2334e-05
2.30541e-06
2.53159e-05
1.69387e-05
2.30463e-06
2.23879e-06
8.10275e-07
2.19436e-07
1.03115e-05
6.55019e-05
0.000175794
0.000244078
0.000199828
0.000128807
0.00013861
0.00028237
0.000536986
0.000775944
0.000874334
0.000741822
0.000394921
0.000204554
0.000488408
0.00087596
0.000924679
0.000664427
0.00035488
0.0001693
5.76122e-05
1.184e-05
0.000190691
0.00057396
0.00130488
0.0030903
0.00447995
0.00386138
0.00263071
0.00201118
0.0016812
0.00110309
0.00046727
0.000153677
0.000182395
0.000397251
0.000733463
0.00128955
0.00143909
0.000773742
0.000230152
0.000183364
0.000214972
0.000175343
0.000111043
6.1971e-05
4.39474e-05
5.70932e-05
7.9412e-05
0.000121239
0.000260248
0.000517956
0.000649934
0.000480437
0.000241171
8.48082e-05
2.93364e-05
5.06933e-05
9.492e-05
0.0001159
0.000142788
0.000370808
0.000795091
0.00120181
0.00136606
0.000990554
0.000456734
0.000218735
0.000171143
0.000133519
0.00014577
0.000324669
0.00108203
0.00273661
0.00371989
0.00290649
0.00159089
0.000897697
0.000723361
0.000608876
0.00038645
0.000157975
4.24875e-05
5.09847e-05
0.000205547
0.000648861
0.00103353
0.000796845
0.000287291
4.17205e-05
2.16483e-06
2.02479e-06
1.98665e-05
7.03533e-05
0.000114608
9.57442e-05
3.14185e-05
6.16519e-07
4.12082e-05
0.000125867
0.000183365
0.000117788
3.96995e-05
4.46211e-05
7.11421e-05
9.66492e-05
0.000112996
0.000102223
0.000130915
0.000321745
0.000615289
0.000848609
0.000999938
0.000899758
0.000610777
0.00043931
0.000379877
0.000301783
0.000283107
0.000266015
0.000547956
0.00163362
0.00243611
0.00211358
0.00140247
0.000915077
0.000611674
0.000348335
0.000154892
6.78339e-05
0.000143241
0.000382875
0.000704163
0.00108374
0.00117572
0.000748592
0.000282374
0.000160993
0.000205274
0.000184265
8.76017e-05
5.54731e-05
0.000108223
8.82389e-05
8.11612e-05
0.000144614
0.000136641
0.000107024
8.05192e-05
4.58843e-05
5.11958e-05
0.000113213
0.000211493
0.000285703
0.000270752
0.000217865
0.000229221
0.00036364
0.000471018
0.000351718
0.000274868
0.000388208
0.000474931
0.000431519
0.000271623
0.000101071
6.87753e-05
0.000242644
0.000790076
0.00167123
0.00198822
0.00141057
0.000751152
0.00050247
0.000473915
0.000307025
8.43005e-05
1.40582e-05
8.5057e-05
0.000217511
0.000313126
0.00040683
0.000539535
0.000507243
0.0002736
7.27541e-05
3.17529e-06
6.12657e-05
0.000219749
0.000362305
0.00038097
0.000248991
9.94668e-05
4.76151e-05
2.02302e-05
1.43441e-05
7.2201e-05
6.92787e-05
3.44714e-05
3.13442e-05
3.25233e-05
6.16056e-05
7.73569e-05
6.03005e-05
1.80284e-05
3.00678e-05
0.000235549
0.000553084
0.000749719
0.000617097
0.000328334
0.000198052
0.000131285
2.55085e-05
0.000165452
0.00025387
0.00021782
0.00106938
0.00201273
0.00201072
0.00148497
0.000838932
0.000277653
2.31209e-05
1.37899e-05
9.63791e-05
0.000295396
0.000550965
0.000528841
0.000303993
0.000135311
5.37323e-05
4.83223e-05
0.000102836
0.000160043
0.000153281
0.00012478
0.000116203
0.000121601
0.000134596
0.000113625
4.85409e-05
2.11631e-05
4.35978e-05
3.41805e-05
1.97391e-05
4.32429e-05
5.33564e-05
4.98578e-05
6.33948e-05
9.35627e-05
8.14089e-05
4.72544e-05
0.000143275
0.000366868
0.000537545
0.000574601
0.000511354
0.000378016
0.000193884
2.46638e-05
4.15038e-05
0.000232543
0.000264816
0.000231092
0.000687047
0.00131942
0.00141588
0.00112856
0.000775627
0.000436004
0.000201062
0.000101821
6.63071e-05
4.23701e-05
7.58609e-05
0.000216334
0.000389582
0.000359202
0.00012035
2.47456e-05
6.38691e-05
9.52136e-05
7.72786e-05
1.91141e-05
4.1733e-06
2.75902e-05
3.04587e-05
4.53793e-05
8.65052e-05
0.000109901
0.000153161
0.000152374
5.17575e-05
9.20623e-06
6.40044e-06
0.000105519
0.000235322
0.00025746
0.000203966
0.000177125
0.000311776
0.000486938
0.000610671
0.000858795
0.000944599
0.000729635
0.000455761
0.000163825
4.22214e-05
0.000330064
0.000490408
0.000413938
0.00104158
0.00199668
0.00204048
0.00123387
0.00049425
0.000235501
0.000248206
0.000417042
0.000656876
0.000691029
0.000487181
0.000274353
0.00022828
0.000292296
0.000249355
0.000197821
0.000186175
7.77107e-05
1.26642e-05
1.5564e-05
2.79779e-05
6.38423e-05
6.30734e-05
5.69788e-05
0.000132434
0.000343733
0.000592045
0.00055859
0.000273204
8.21417e-05
1.24257e-05
0.000171942
0.000477965
0.000509487
0.000316923
0.000270985
0.000544462
0.000738546
0.000664682
0.000944179
0.00128916
0.00112237
0.000735389
0.000321145
9.93226e-05
0.000688233
0.00141718
0.00122135
0.0010361
0.00122176
0.0012048
0.00110579
0.00118101
0.00131988
0.00136543
0.00142574
0.00134045
0.000879444
0.000344237
4.23061e-05
0.000256432
0.000868953
0.00111184
0.00090814
0.00057822
0.00020014
9.29687e-05
0.00035574
0.000453007
0.000398652
0.000564754
0.000615987
0.000312515
7.19074e-05
3.00517e-05
0.0001428
0.000414414
0.000649717
0.00062652
0.000345695
8.95033e-05
1.72948e-05
5.7256e-06
0.000247637
0.000871939
0.00116
0.00149499
0.0035209
0.00532987
0.00471734
0.00328207
0.00238815
0.00145381
0.000399525
0.000214638
0.000817792
0.00176333
0.00252302
0.00235523
0.00162438
0.00119729
0.0013485
0.00196498
0.00260309
0.00255375
0.0017127
0.000824439
0.000332503
0.00023313
0.000269469
7.67349e-05
7.10832e-05
0.000556714
0.000984117
0.000946557
0.00100632
0.00202022
0.0028099
0.00139186
3.03588e-05
0.000944563
0.00131343
0.000534417
0.000299782
0.00025044
0.00117281
0.00296865
0.00372678
0.00369918
0.00414307
0.00472636
0.00335816
0.00142723
0.00139113
0.0024179
0.00548354
0.00959824
0.012878
0.015304
0.0153911
0.0096432
0.00209654
0.00249879
0.0143638
0.0336296
0.039795
0.0261238
0.0126405
0.00686709
0.002535
0.000139658
0.0047253
0.0122551
0.0137399
0.00816041
0.00180889
0.00037672
0.00454183
0.0105151
0.0135139
0.0113548
0.00610212
0.00187078
0.000111206
0.000695065
0.00364002
0.00605318
0.00660134
0.00677
0.00601223
0.00409137
0.0021937
0.00124322
0.00170421
0.00290367
0.00402532
0.00534088
0.00707785
0.00802282
0.00681146
0.00403257
0.00104741
0.000870875
0.00544302
0.0101889
0.0118847
0.0114079
0.00843253
0.00353486
0.000356397
0.000896221
0.00456172
0.0109392
0.0139804
0.00979127
0.00435196
0.00191786
0.00119734
0.00103079
0.00116248
0.00115933
0.000972844
0.00080341
0.000642142
0.000435587
0.000267854
0.000207443
0.000243682
0.000224744
6.33243e-05
0.00011689
0.000470861
0.000632989
0.000462644
0.000224221
0.000133197
0.000204509
0.000217056
0.000130954
9.45196e-05
4.81151e-05
7.66437e-06
0.000111262
0.000255437
0.000190976
4.26558e-05
2.55896e-05
0.000112221
0.000360068
0.000563323
0.000731103
0.000962067
0.00101091
0.0010106
0.00116714
0.00122448
0.000723407
8.46629e-05
0.00017881
0.000860694
0.00183894
0.00257343
0.00220671
0.0013422
0.000876995
0.000737876
0.000573495
0.000353768
0.000237115
0.000139969
0.000148228
0.000356162
0.000629131
0.000738519
0.000526314
0.000217676
0.000106166
0.000123252
0.00012641
7.00282e-05
1.09707e-05
4.24334e-06
5.95585e-05
0.000210559
0.000368403
0.000354936
0.000186294
3.49833e-05
1.21905e-06
9.50196e-06
6.99422e-06
8.43084e-05
0.000176972
0.000167236
9.96718e-05
4.0562e-05
1.32907e-05
1.82419e-05
4.72036e-05
6.19362e-05
5.26183e-05
6.537e-05
0.000155807
0.000320764
0.000383322
0.000197341
1.53288e-05
0.000332319
0.00100744
0.00118258
0.000744142
0.000327875
0.000169266
0.000131412
7.80147e-05
1.54894e-05
1.30458e-06
9.8624e-06
2.73632e-05
3.20326e-05
7.50353e-05
0.000133181
0.000106478
4.58902e-05
2.21518e-05
2.35588e-05
1.93507e-05
1.24171e-05
2.00114e-05
2.23957e-05
6.22026e-06
1.31004e-05
6.68108e-05
0.00013451
0.00018163
0.000179079
0.000127697
7.47584e-05
5.00873e-05
4.4933e-05
3.45932e-05
1.75614e-05
7.45668e-06
1.19375e-05
4.53873e-05
9.23647e-05
9.996e-05
9.52873e-05
9.31797e-05
6.20538e-05
4.25296e-05
5.29364e-05
6.75057e-05
6.55704e-05
4.09201e-05
8.37098e-05
0.000239164
0.000291167
0.000193048
0.000105178
6.65447e-05
4.19989e-05
2.54751e-05
3.1916e-05
4.12904e-05
3.25487e-05
1.67402e-05
1.16591e-06
2.66504e-05
9.11193e-05
0.000107687
6.412e-05
1.76861e-05
4.18502e-07
3.33765e-06
9.47822e-06
1.73708e-05
1.87728e-05
1.11887e-05
5.40789e-06
8.24882e-06
2.04508e-05
3.6536e-05
3.85568e-05
2.53428e-05
1.5406e-05
1.24117e-05
1.4692e-05
2.21873e-05
3.31137e-05
3.75066e-05
2.16678e-05
3.39702e-06
1.30942e-05
3.31399e-05
4.06148e-05
3.66306e-05
2.43385e-05
1.68879e-05
2.67356e-05
3.66623e-05
2.01568e-05
1.89931e-07
2.87738e-05
8.99409e-05
0.000104104
6.27107e-05
2.14802e-05
3.64643e-06
1.846e-06
4.54703e-06
6.53026e-06
7.1518e-06
7.0222e-06
5.18936e-06
2.49672e-06
9.68128e-06
2.30376e-05
2.4924e-05
1.74701e-05
1.00409e-05
4.13784e-06
5.66362e-07
1.10183e-06
4.36935e-06
6.53415e-06
5.73271e-06
7.4166e-06
1.42304e-05
1.90426e-05
1.43208e-05
4.65994e-06
1.27931e-07
7.11744e-07
1.62249e-06
1.57668e-06
1.31362e-06
1.56372e-06
2.60449e-06
4.58276e-06
7.62211e-06
9.20764e-06
7.28514e-06
4.84694e-06
4.01163e-06
3.45549e-06
2.24493e-06
6.5244e-07
1.64777e-07
1.03317e-06
5.27037e-07
2.83983e-06
1.28342e-05
1.90557e-05
1.44569e-05
7.73798e-06
4.40462e-06
4.21539e-06
5.13626e-06
4.99048e-06
4.37451e-06
4.67739e-06
5.78892e-06
6.24249e-06
5.26592e-06
3.39258e-06
1.36677e-06
1.54947e-07
1.40634e-07
7.99823e-07
1.11196e-06
5.58459e-07
1.5392e-07
5.21762e-07
7.12165e-07
3.09681e-07
2.43141e-09
2.64049e-07
7.36942e-07
8.17589e-07
5.88491e-07
3.74301e-07
2.06996e-07
1.88187e-07
2.27881e-07
1.77297e-07
1.33211e-07
1.87327e-07
2.98057e-07
2.83244e-07
2.26302e-07
3.66729e-07
5.09006e-07
4.52127e-07
2.98919e-07
1.71498e-07
1.23275e-07
1.19831e-07
7.66901e-08
6.10362e-08
1.62088e-07
2.51792e-07
2.02906e-07
9.47291e-08
3.03019e-08
9.18005e-09
3.46664e-09
1.33255e-09
1.97048e-10
3.54905e-10
5.96214e-10
4.51332e-11
4.567e-09
1.58844e-08
2.25198e-08
1.71941e-08
9.86179e-09
1.33255e-08
3.10728e-08
6.59633e-08
1.17488e-07
1.66455e-07
1.7221e-07
1.15055e-07
4.89748e-08
3.15757e-08
4.97975e-08
8.40975e-08
1.28809e-07
2.00003e-07
3.70812e-07
6.06617e-07
6.25051e-07
3.24275e-07
6.49467e-08
3.33427e-08
6.78974e-08
9.24229e-08
2.8894e-07
7.37903e-07
1.06471e-06
1.14717e-06
1.26314e-06
1.41618e-06
1.32958e-06
9.4981e-07
3.67558e-07
1.38302e-08
6.38732e-07
1.37923e-06
1.05325e-06
3.78933e-07
1.05595e-07
7.2152e-08
9.05558e-08
1.2657e-07
2.72464e-07
6.02642e-07
8.83531e-07
7.0087e-07
6.79672e-07
8.96543e-07
5.53222e-07
2.54227e-07
5.22964e-07
8.51209e-07
8.2329e-07
4.7669e-07
1.22028e-07
5.2193e-08
8.87577e-08
1.78887e-08
3.54326e-08
2.13452e-07
4.23123e-07
4.60127e-07
3.58952e-07
2.60705e-07
3.18329e-07
6.57266e-07
7.60931e-07
5.13443e-07
4.95178e-07
5.9115e-07
4.92993e-07
2.87974e-07
3.24077e-07
8.97553e-07
1.31242e-06
8.01693e-07
1.55918e-07
8.63271e-09
2.58739e-07
6.21007e-07
5.15298e-07
3.91332e-07
1.99125e-06
4.16211e-06
4.8909e-06
4.78576e-06
4.37611e-06
3.1953e-06
1.61825e-06
6.01837e-07
2.24006e-07
2.44124e-07
6.69418e-07
1.31874e-06
2.16661e-06
2.62964e-06
2.0289e-06
1.11585e-06
6.53298e-07
7.23185e-07
8.41181e-07
5.50937e-07
2.29707e-07
9.00513e-08
4.42663e-08
2.41295e-07
5.79727e-07
8.1795e-07
8.07722e-07
6.72498e-07
7.02682e-07
6.51463e-07
1.09272e-06
2.28005e-06
2.48949e-06
1.39777e-06
3.09985e-07
5.12908e-08
9.58755e-07
2.50498e-06
3.23011e-06
3.162e-06
2.88293e-06
1.95755e-06
9.73612e-07
7.31857e-07
1.12165e-06
1.7893e-06
1.80221e-06
8.10112e-07
6.12465e-07
1.2718e-06
1.53654e-06
1.32747e-06
8.37569e-07
3.78024e-07
1.4358e-07
2.80513e-07
5.39833e-07
4.67572e-07
1.30739e-07
1.52447e-08
4.8775e-07
1.35912e-06
1.65874e-06
1.39822e-06
1.08848e-06
6.57075e-07
3.84274e-07
5.40847e-07
9.38391e-07
1.11717e-06
7.31697e-07
3.14641e-07
1.13065e-07
3.43857e-08
2.85774e-08
1.33043e-08
1.14693e-08
1.1414e-08
4.32591e-08
4.05871e-07
8.1299e-07
8.71747e-07
7.14101e-07
5.05001e-07
4.65647e-07
4.39209e-07
3.20986e-07
8.27291e-07
1.56035e-06
1.47793e-06
9.02628e-07
6.27112e-07
8.35404e-07
1.00307e-06
5.62268e-07
3.95535e-08
2.38381e-07
7.36516e-07
7.88172e-07
5.60404e-07
4.90004e-07
5.98916e-07
5.98002e-07
3.37355e-07
1.23949e-07
1.12563e-07
9.68958e-08
1.55998e-08
3.75301e-08
2.17712e-07
3.26987e-07
2.59809e-07
1.80532e-07
1.74294e-07
1.6539e-07
8.04859e-08
1.50359e-08
1.58029e-08
1.52323e-08
7.91957e-08
1.30316e-07
7.84221e-08
4.71135e-08
3.50568e-08
2.22327e-08
4.55711e-08
5.36949e-08
3.19574e-08
1.3483e-08
5.53052e-09
7.30587e-09
3.61867e-08
1.02055e-07
1.39356e-07
1.26583e-07
1.08943e-07
6.65181e-08
2.64392e-08
3.06048e-08
2.37134e-08
4.08606e-09
1.45999e-08
1.07337e-08
6.2731e-09
9.73851e-08
1.96118e-07
1.84619e-07
1.21964e-07
7.54391e-08
4.55819e-08
2.1962e-08
7.34693e-09
4.28532e-09
8.9253e-09
1.43445e-08
1.46501e-08
1.5394e-08
1.62805e-08
1.07656e-08
4.20821e-09
2.36686e-09
3.10143e-09
3.7559e-09
4.62379e-09
4.48351e-09
2.67165e-09
1.1096e-09
7.50927e-10
6.17623e-10
3.11949e-10
1.16881e-10
2.05874e-11
5.98547e-12
3.70201e-11
1.90489e-11
1.70946e-10
7.1516e-10
1.18413e-09
1.20005e-09
7.49701e-10
8.63111e-10
2.03896e-09
5.36806e-09
1.2119e-08
1.31394e-08
6.55126e-09
1.92164e-09
1.60514e-09
7.91963e-09
2.91235e-08
5.73839e-08
6.19654e-08
5.16932e-08
5.7161e-08
7.00445e-08
7.90703e-08
8.22641e-08
6.70328e-08
4.25039e-08
2.8693e-08
2.45054e-08
2.48685e-08
2.77945e-08
3.17985e-08
3.79161e-08
3.02139e-08
7.22247e-09
1.7524e-09
8.85367e-09
7.22952e-09
4.19806e-09
2.99736e-09
1.39221e-09
1.78915e-10
5.36422e-10
5.9055e-09
1.52372e-08
2.03368e-08
2.90652e-08
4.13093e-08
2.5215e-08
1.04861e-09
5.64015e-09
6.03262e-09
3.85856e-08
9.56551e-08
8.71599e-08
5.67853e-08
1.0983e-07
2.71998e-07
4.32108e-07
4.63832e-07
3.7453e-07
2.37434e-07
1.4245e-07
1.02807e-07
9.29798e-08
1.66869e-07
2.49204e-07
1.18803e-07
6.25417e-10
8.04706e-08
1.41592e-07
1.19861e-07
8.4142e-08
4.39966e-08
1.43451e-08
9.21361e-09
2.44684e-08
6.20735e-08
8.47905e-08
8.03564e-08
7.58616e-08
2.15689e-08
1.47388e-08
1.44934e-07
2.4678e-07
1.72495e-07
4.59652e-08
3.56244e-08
6.92513e-08
5.90339e-08
7.17723e-08
1.86849e-07
2.81816e-07
1.89094e-07
4.31941e-08
5.05192e-09
1.66381e-08
1.43676e-08
3.33778e-09
3.59038e-08
1.52547e-07
2.59063e-07
2.38594e-07
1.41557e-07
1.175e-07
2.23416e-07
3.72929e-07
4.4171e-07
3.55075e-07
1.67031e-07
4.80305e-08
6.54625e-08
2.37039e-07
5.50262e-07
6.96276e-07
4.03214e-07
1.01607e-07
1.14508e-07
1.78868e-07
2.25795e-07
4.06031e-07
6.66777e-07
6.72624e-07
3.88624e-07
1.05253e-07
1.42307e-09
6.19415e-08
1.76929e-07
2.90823e-07
3.41185e-07
2.44842e-07
7.94413e-08
7.67648e-09
1.2282e-08
1.68027e-08
3.33558e-08
1.03867e-07
2.03389e-07
2.60106e-07
2.89526e-07
2.84609e-07
1.95789e-07
1.15727e-07
1.06823e-07
9.93904e-08
7.88815e-08
1.04169e-07
1.45666e-07
8.92128e-08
1.76477e-08
8.38475e-08
1.86097e-07
1.74667e-07
1.23325e-07
1.14809e-07
1.394e-07
2.26737e-07
2.63677e-07
1.4153e-07
6.60267e-08
8.22605e-08
6.50137e-08
2.15383e-08
3.66203e-09
4.63577e-08
4.06304e-08
3.82223e-09
4.83425e-09
1.06193e-09
4.79373e-10
1.35805e-08
9.19515e-08
2.18472e-07
2.79338e-07
3.26156e-07
5.26763e-07
7.60643e-07
7.18223e-07
4.65144e-07
2.54016e-07
9.93824e-08
2.50927e-08
2.14666e-08
4.56392e-08
5.57755e-08
6.49324e-08
8.88182e-08
9.01298e-08
7.97545e-08
7.14355e-08
4.42028e-08
5.73975e-09
3.1248e-08
6.89442e-08
3.04217e-08
1.01893e-09
7.86514e-11
1.81527e-09
7.64765e-09
4.23803e-08
1.00309e-07
1.07358e-07
7.34065e-08
3.42906e-08
2.86801e-08
4.00715e-08
3.42813e-08
2.00259e-08
2.30113e-08
4.18482e-08
3.15088e-08
8.39706e-09
6.91254e-09
1.58278e-08
2.38199e-08
2.27266e-08
1.47545e-08
5.79876e-09
1.22756e-09
2.85901e-09
5.50999e-09
5.82854e-09
1.12278e-08
2.53919e-08
5.09143e-08
6.60245e-08
4.00378e-08
9.7904e-09
3.81198e-09
2.57046e-09
7.05551e-10
1.02016e-09
6.06694e-09
5.42392e-09
8.08829e-10
1.13728e-08
2.87722e-08
3.16147e-08
2.45685e-08
1.44204e-08
3.25226e-09
6.37815e-10
1.2546e-09
1.54808e-10
2.37724e-10
5.15747e-11
2.69236e-10
6.5914e-10
1.97739e-09
2.40353e-09
2.64133e-09
6.0386e-09
7.05208e-09
3.44641e-09
7.32577e-10
2.83159e-12
4.88131e-10
1.63718e-09
2.00113e-09
1.19835e-09
6.9526e-10
6.82277e-10
4.33268e-10
1.29676e-10
2.40582e-11
5.33126e-12
4.79101e-13
1.38551e-11
7.33822e-11
2.19719e-10
4.2515e-10
5.8455e-10
8.68196e-10
1.63205e-09
1.86955e-09
9.99834e-10
1.11697e-09
2.08488e-09
2.1391e-09
9.69472e-10
5.08255e-10
2.04382e-09
1.00348e-09
9.1065e-10
8.54162e-09
1.31677e-08
1.16568e-08
1.08062e-08
1.099e-08
1.02835e-08
8.06073e-09
4.88444e-09
2.10317e-09
1.62615e-09
3.10029e-09
3.93901e-09
6.49598e-09
8.38138e-09
3.86597e-09
8.18131e-09
2.9049e-08
3.7456e-08
3.28351e-08
2.61677e-08
1.96917e-08
2.88212e-08
6.82104e-08
1.08543e-07
1.46015e-07
1.7884e-07
1.7585e-07
1.46201e-07
9.48647e-08
2.90354e-08
1.94655e-08
9.07674e-08
1.38423e-07
1.09644e-07
5.88977e-08
3.32391e-08
3.44568e-08
4.45798e-08
4.81089e-08
4.64649e-08
4.54784e-08
3.43741e-08
1.61042e-08
7.26312e-09
1.13118e-08
2.26417e-08
2.64454e-08
5.2435e-08
1.51119e-07
2.11143e-07
1.65639e-07
1.29649e-07
2.19432e-07
3.6234e-07
3.7951e-07
2.6198e-07
1.2463e-07
7.30839e-08
1.62992e-07
3.65699e-07
5.14198e-07
4.00232e-07
2.00513e-07
3.53978e-07
6.90326e-07
6.95161e-07
5.28354e-07
5.3619e-07
6.72181e-07
6.83935e-07
8.31167e-07
1.43701e-06
1.80733e-06
1.43594e-06
7.55932e-07
3.11366e-07
1.73608e-07
7.97557e-08
2.77425e-09
1.01374e-07
1.50034e-07
4.61433e-08
2.34257e-09
7.78097e-09
1.3849e-07
3.79286e-07
4.33094e-07
3.75072e-07
3.49849e-07
3.31923e-07
2.9418e-07
1.36929e-07
1.41149e-08
1.03064e-07
1.88314e-07
1.09715e-07
2.5058e-08
2.74743e-09
1.44108e-08
2.90556e-08
1.06357e-07
2.32104e-07
2.13561e-07
8.1315e-08
2.03887e-08
1.06273e-07
3.70942e-07
5.28514e-07
3.68194e-07
1.59662e-07
3.67047e-08
1.2515e-08
1.54876e-07
9.11504e-08
7.18513e-08
6.13144e-07
6.23307e-07
8.06872e-07
2.2502e-06
3.70247e-06
5.18882e-06
6.01945e-06
5.10877e-06
3.84434e-06
3.06888e-06
2.02838e-06
1.05492e-06
1.98422e-06
4.04314e-06
4.24485e-06
2.4115e-06
5.96282e-07
9.06923e-09
6.13358e-07
1.39431e-06
1.25056e-06
6.16671e-07
5.96637e-07
1.10156e-06
1.14416e-06
5.70319e-07
3.38337e-07
3.17879e-07
1.2946e-07
3.32056e-08
1.82349e-08
1.11456e-07
1.78968e-07
1.29311e-07
5.59487e-08
8.38322e-09
8.30308e-09
2.60491e-08
4.7822e-08
1.79241e-07
6.87177e-07
1.42006e-06
1.36006e-06
5.88474e-07
1.55434e-07
8.31175e-08
1.058e-07
1.51312e-07
2.54802e-07
3.22311e-07
5.50023e-07
2.19341e-06
5.64476e-06
8.92047e-06
9.11025e-06
6.29712e-06
3.49239e-06
1.97719e-06
8.92449e-07
8.45946e-08
2.71583e-07
8.85574e-07
9.20808e-07
5.03218e-07
1.27795e-07
1.80451e-08
1.16248e-07
2.56578e-07
3.07912e-07
2.42288e-07
2.29266e-07
4.14943e-07
5.40745e-07
3.48968e-07
1.03013e-07
4.3769e-08
5.02215e-08
3.28656e-08
2.43065e-08
5.41541e-08
1.43165e-07
2.22545e-07
1.88431e-07
1.01708e-07
5.27773e-08
3.84614e-08
3.88219e-08
4.29943e-08
2.85319e-08
5.9683e-08
1.72759e-07
2.2503e-07
1.95499e-07
1.61541e-07
1.50565e-07
1.58495e-07
1.395e-07
6.85481e-08
1.1549e-08
1.97788e-11
1.25267e-09
9.22287e-09
2.63994e-08
4.13631e-08
4.79627e-08
4.6516e-08
3.33834e-08
1.15668e-08
1.06934e-09
1.38017e-08
2.3238e-08
1.26159e-08
2.31352e-09
1.5198e-09
6.58964e-09
1.25203e-08
1.28905e-08
7.6721e-09
4.03657e-09
3.5988e-09
2.4432e-09
9.12658e-10
6.36568e-10
9.26656e-10
1.31567e-09
1.56358e-09
1.12977e-09
3.46021e-10
3.09243e-11
2.1137e-10
3.4514e-10
1.40485e-10
5.09579e-12
3.7732e-11
2.50899e-11
2.51374e-12
1.85408e-12
2.54717e-11
8.02482e-11
1.37261e-10
1.66072e-10
2.20423e-10
5.11202e-10
1.05962e-09
1.50466e-09
1.28414e-09
1.06316e-09
1.7621e-09
2.53299e-09
2.33693e-09
2.50256e-09
4.14798e-09
5.17731e-09
4.27853e-09
2.34551e-09
8.62795e-10
2.01735e-09
5.92018e-09
9.16454e-09
9.15726e-09
5.35612e-09
2.10203e-09
2.24234e-09
1.72373e-09
9.54548e-10
1.35624e-09
1.74694e-09
2.53176e-09
4.00769e-09
4.7455e-09
4.39338e-09
4.49454e-09
5.92905e-09
9.01798e-09
1.00193e-08
6.86215e-09
2.48072e-09
9.51464e-10
2.70617e-09
1.03414e-08
2.50665e-08
3.6096e-08
3.23702e-08
2.00908e-08
1.19528e-08
1.19472e-08
2.07221e-08
2.82338e-08
1.89592e-08
7.3934e-09
8.90457e-09
1.47972e-08
1.22941e-08
3.24045e-09
1.22074e-08
3.76678e-08
3.76949e-08
1.216e-08
6.87445e-10
1.03574e-10
2.57216e-09
1.0115e-08
2.00803e-08
3.50142e-08
4.74202e-08
4.08119e-08
2.51464e-08
2.31594e-08
4.9482e-08
1.07257e-07
1.43957e-07
1.01436e-07
3.06622e-08
2.0559e-09
7.9961e-09
2.3856e-08
4.2824e-08
5.16768e-08
3.06893e-08
1.79881e-09
1.35979e-08
4.81761e-08
5.03365e-08
2.49456e-08
6.69711e-09
3.86408e-09
1.06843e-08
2.61142e-08
4.79868e-08
6.02831e-08
5.33681e-08
4.08851e-08
2.80126e-08
1.59164e-08
1.24767e-08
2.26475e-08
3.40023e-08
5.32052e-08
8.54344e-08
1.28354e-07
1.76333e-07
1.51907e-07
7.0181e-08
1.8425e-08
1.22277e-08
4.28771e-08
6.48787e-08
7.90447e-08
1.17926e-07
1.85616e-07
2.81349e-07
3.48389e-07
3.06721e-07
1.8754e-07
9.29598e-08
4.8497e-08
2.18072e-08
5.78637e-09
4.14247e-08
1.32832e-07
1.80768e-07
1.40438e-07
7.49496e-08
4.89258e-08
6.75247e-08
8.75254e-08
6.80353e-08
4.83069e-08
1.1006e-07
1.63776e-07
1.0064e-07
1.45927e-08
1.30787e-08
4.77989e-08
5.0647e-08
3.52305e-08
2.65472e-08
2.0641e-08
1.48198e-08
1.05489e-08
7.57241e-09
2.43644e-08
5.18651e-08
4.01708e-08
4.86783e-09
1.18656e-08
4.64095e-08
4.21349e-08
1.51939e-08
7.91592e-09
8.4744e-09
1.67157e-08
4.6958e-08
8.44806e-08
9.39796e-08
8.41468e-08
6.38663e-08
3.01217e-08
1.34092e-08
9.15001e-09
5.377e-10
9.76382e-09
4.35127e-08
6.93956e-08
7.43457e-08
8.44377e-08
1.18028e-07
1.35312e-07
1.03107e-07
5.0729e-08
1.5275e-08
1.48098e-08
3.61664e-08
5.4835e-08
5.63095e-08
3.31077e-08
5.96886e-09
4.7621e-10
3.06986e-09
1.34119e-09
5.6229e-09
9.7078e-09
3.20353e-09
1.3692e-09
8.5977e-09
8.36759e-09
1.00192e-08
1.55838e-08
8.34128e-09
2.02198e-09
6.96111e-09
8.27717e-09
5.72011e-09
7.411e-09
1.56028e-08
2.24608e-08
2.09886e-08
1.29583e-08
4.5936e-09
2.62298e-09
1.42492e-08
4.19329e-08
6.16577e-08
4.8532e-08
2.51153e-08
1.54587e-08
1.44007e-08
9.53e-09
1.2939e-08
4.47391e-08
6.71649e-08
5.19377e-08
2.86771e-08
1.76044e-08
1.18906e-08
8.32597e-09
1.22286e-08
2.40496e-08
2.9817e-08
2.1313e-08
1.05781e-08
5.20891e-09
2.95809e-09
1.73881e-09
1.35897e-09
1.65029e-09
1.71549e-09
1.24433e-09
9.7677e-10
1.50848e-09
1.75148e-09
1.21977e-09
6.3769e-10
2.57685e-12
1.44826e-09
3.52944e-09
1.5094e-09
9.36674e-11
2.42195e-09
3.49306e-09
2.02428e-09
1.10226e-09
2.43675e-09
4.66156e-09
5.03402e-09
3.20853e-09
1.63991e-09
1.78335e-09
2.50323e-09
2.4171e-09
1.83211e-09
1.31314e-09
1.01465e-09
1.34051e-09
1.6466e-09
1.2155e-09
6.50899e-10
3.96987e-10
3.08404e-10
2.08824e-10
9.64277e-11
3.10166e-11
8.13789e-12
3.0997e-12
1.20052e-12
6.823e-14
1.7686e-13
7.84591e-13
3.1538e-12
7.7451e-12
1.11248e-11
1.7984e-11
4.1352e-11
1.36883e-10
3.03113e-10
4.92116e-10
6.7704e-10
7.12804e-10
4.02844e-10
5.02e-11
3.66074e-10
7.25608e-10
2.18644e-10
5.60142e-11
2.69849e-10
5.82044e-10
2.7165e-09
4.81024e-09
3.92051e-09
1.69445e-09
5.02369e-10
5.78602e-10
1.23109e-09
2.05402e-09
2.7437e-09
3.83629e-09
5.79725e-09
7.62472e-09
7.32248e-09
3.54749e-09
2.99906e-10
6.09757e-11
5.26265e-10
5.0955e-09
1.20487e-08
1.54299e-08
1.35041e-08
9.00661e-09
5.71129e-09
3.1245e-09
1.40729e-09
4.92679e-10
3.14645e-11
4.76376e-10
1.32288e-09
5.06215e-09
1.27504e-08
1.66192e-08
1.44256e-08
9.60391e-09
4.33198e-09
8.69566e-10
2.62538e-10
1.42305e-09
7.55559e-09
1.87762e-08
2.17597e-08
1.35883e-08
6.9169e-09
6.19869e-09
9.87797e-09
1.4979e-08
1.4734e-08
8.98996e-09
4.82408e-09
4.03919e-09
7.47224e-09
2.13127e-08
4.05268e-08
5.58293e-08
6.72093e-08
6.56351e-08
5.55118e-08
5.38185e-08
6.03648e-08
6.02047e-08
4.72349e-08
3.0833e-08
2.09172e-08
2.25296e-08
3.9767e-08
6.25347e-08
6.31021e-08
4.00628e-08
1.6684e-08
3.60742e-09
7.84685e-11
1.07077e-09
6.1538e-09
1.64812e-08
2.97812e-08
3.69427e-08
3.18801e-08
2.31936e-08
1.75396e-08
1.36371e-08
9.61202e-09
5.49497e-09
3.6065e-09
4.07305e-09
2.3858e-09
2.38182e-09
6.43211e-09
8.75545e-09
9.64177e-09
1.08635e-08
1.16332e-08
1.00698e-08
5.96707e-09
4.45674e-09
8.08254e-09
6.47321e-09
1.34744e-09
6.42145e-09
2.47214e-08
5.06509e-08
5.19888e-08
3.05925e-08
2.72436e-08
3.21958e-08
2.26897e-08
1.14119e-08
7.67351e-09
7.42034e-09
7.28897e-09
8.62011e-09
1.32143e-08
2.29892e-08
3.62577e-08
4.79187e-08
4.37833e-08
2.1969e-08
1.42636e-08
2.60008e-08
3.5404e-08
2.27821e-08
6.91848e-09
5.53748e-09
1.28403e-08
2.00433e-08
1.56897e-08
9.06234e-09
1.05815e-08
1.8393e-08
2.19957e-08
1.89357e-08
1.70532e-08
1.90368e-08
1.78079e-08
8.56681e-09
2.4497e-09
3.70661e-09
6.21082e-09
1.24399e-08
1.9198e-08
1.29311e-08
6.17659e-09
7.82726e-09
1.13749e-08
8.22116e-09
1.96358e-09
1.74283e-09
2.98267e-09
3.36113e-09
5.35334e-09
6.19695e-09
2.44738e-09
6.08404e-09
1.35795e-08
1.4639e-08
1.63615e-08
2.61637e-08
4.21608e-08
4.33283e-08
3.37057e-08
2.86934e-08
2.53579e-08
1.64269e-08
8.52312e-09
6.6842e-09
4.4575e-09
2.6389e-09
2.32606e-09
2.63437e-09
3.43591e-09
2.47828e-09
3.43117e-09
8.19898e-09
9.02277e-09
2.77886e-09
5.94137e-10
2.65823e-09
4.13202e-09
6.29513e-09
8.50128e-09
8.34489e-09
6.18526e-09
3.8108e-09
3.73518e-09
8.22994e-09
8.94198e-09
1.66995e-09
1.46703e-09
5.47426e-09
5.05744e-09
5.30386e-09
3.51793e-09
2.7884e-10
7.55457e-10
2.29943e-09
3.25202e-09
4.72685e-09
9.70345e-09
1.80415e-08
2.379e-08
2.31802e-08
1.79435e-08
1.17387e-08
7.16716e-09
4.7469e-09
3.61431e-09
2.15322e-09
7.21581e-10
6.75254e-10
4.17275e-10
4.41356e-11
1.25256e-09
3.30737e-09
4.1351e-09
2.25047e-09
1.30062e-10
3.89494e-10
8.96092e-10
1.13099e-09
1.33779e-09
8.13745e-10
1.84102e-10
1.0624e-11
4.55553e-11
4.93083e-12
2.05977e-11
1.19693e-11
4.96326e-11
1.94361e-10
1.77336e-10
1.44354e-10
4.21541e-10
9.55088e-10
1.07079e-09
6.41706e-10
4.76383e-10
6.28615e-10
7.35523e-10
7.48992e-10
5.0465e-10
2.48185e-10
1.97519e-10
1.16736e-10
1.23945e-11
1.51174e-11
4.10541e-11
3.50645e-11
1.93104e-11
7.12223e-12
9.84752e-13
7.67966e-14
1.30825e-13
5.04722e-12
2.33263e-11
5.01025e-11
6.006e-11
4.04154e-11
1.52094e-11
2.8859e-12
1.87728e-12
1.48955e-11
2.43328e-11
8.08333e-12
6.60907e-12
3.47734e-11
6.00499e-11
3.57054e-11
1.45386e-11
1.2358e-10
4.66009e-10
1.00709e-09
1.10467e-09
5.07071e-10
2.83253e-10
2.41355e-10
2.87448e-10
1.67553e-09
3.65665e-09
5.56081e-09
6.74914e-09
5.32324e-09
2.07693e-09
7.0588e-10
2.09324e-09
2.42994e-09
1.76585e-09
4.1207e-09
6.21255e-09
4.08109e-09
1.31944e-09
8.19482e-10
7.65649e-10
2.38101e-10
1.23906e-10
8.52059e-10
2.0481e-09
2.00465e-09
1.05353e-09
4.08604e-10
4.45694e-10
2.83343e-09
8.47054e-09
1.23647e-08
9.28856e-09
4.03988e-09
1.80737e-09
6.28646e-10
3.19368e-11
9.33221e-10
2.34459e-09
2.68785e-09
1.10451e-09
1.63678e-10
1.43933e-09
9.62605e-10
1.05479e-09
3.87657e-09
6.39233e-09
8.30237e-09
6.66564e-09
6.4457e-09
9.35504e-09
9.98196e-09
6.76975e-09
1.777e-09
2.78915e-10
1.37675e-09
2.99618e-09
4.77416e-09
3.87535e-09
1.82508e-09
2.39811e-09
1.06033e-08
2.76674e-08
3.90098e-08
3.19038e-08
1.51879e-08
3.80084e-09
5.08578e-10
1.40726e-09
1.44434e-09
5.42903e-10
5.42884e-10
1.65899e-09
3.86666e-09
5.3996e-09
6.42335e-09
1.06499e-08
2.72779e-08
3.81707e-08
2.29123e-08
5.39561e-09
1.69688e-09
2.93872e-09
2.3869e-09
1.14657e-09
2.69495e-09
2.85674e-09
9.4574e-10
1.79437e-09
4.80668e-09
7.43323e-09
9.25965e-09
9.65429e-09
7.91584e-09
4.5114e-09
1.72126e-09
8.86966e-10
1.97729e-09
6.40288e-09
1.22737e-08
9.65838e-09
3.26424e-09
2.52114e-09
2.09744e-09
1.35512e-09
1.89941e-09
2.51295e-09
2.09242e-09
1.34511e-09
1.25415e-09
2.04297e-09
3.19743e-09
2.70898e-09
1.0047e-09
3.20211e-09
7.49945e-09
5.55463e-09
3.31247e-09
6.33947e-09
9.90223e-09
1.43864e-08
1.55146e-08
1.03591e-08
7.1093e-09
7.17808e-09
6.0276e-09
4.59538e-09
7.6101e-09
1.68233e-08
2.56517e-08
2.4076e-08
1.14386e-08
5.24119e-10
6.64337e-09
2.42734e-08
2.7207e-08
1.4125e-08
4.18538e-09
9.58671e-10
1.88808e-09
2.50427e-09
1.82051e-09
9.06369e-11
3.55146e-09
1.76159e-08
2.84376e-08
2.12757e-08
7.68785e-09
2.41802e-09
2.49876e-09
3.35079e-09
2.9958e-09
3.24752e-09
5.69529e-09
8.7604e-09
9.24978e-09
5.69349e-09
3.20688e-09
6.86606e-09
1.18592e-08
8.0906e-09
1.44895e-09
1.42289e-09
2.04163e-09
5.53387e-10
6.38559e-09
1.5189e-08
1.61151e-08
1.46771e-08
1.48719e-08
1.57557e-08
2.2157e-08
3.20965e-08
3.19291e-08
2.31022e-08
1.84133e-08
1.85191e-08
1.88695e-08
1.56391e-08
9.9665e-09
4.97675e-09
2.60464e-09
4.345e-09
9.96416e-09
1.60044e-08
1.66372e-08
9.79731e-09
2.77709e-09
2.79155e-09
6.28484e-09
5.48887e-09
1.42597e-09
8.84184e-11
6.39317e-10
2.72256e-09
5.31331e-09
7.68106e-09
1.15017e-08
1.30991e-08
1.07697e-08
8.67498e-09
9.12014e-09
1.05028e-08
1.00276e-08
8.12606e-09
7.19765e-09
7.68697e-09
7.58964e-09
6.62581e-09
6.14888e-09
4.27183e-09
6.6782e-10
1.49177e-09
6.19106e-09
7.29984e-09
4.6208e-09
2.82185e-09
1.9239e-09
1.26715e-09
1.33429e-09
1.34044e-09
7.76744e-10
6.35264e-10
1.29438e-09
1.82426e-09
1.58557e-09
8.10444e-10
3.2266e-10
3.07013e-10
3.74593e-10
1.90607e-10
1.29649e-12
3.05778e-10
6.98795e-10
4.36256e-10
6.50772e-12
3.28481e-10
6.65176e-10
3.4889e-10
4.18784e-11
1.88759e-10
2.63281e-10
9.78199e-11
5.72513e-11
1.43068e-10
1.71639e-10
1.10881e-10
4.41419e-11
1.46415e-11
2.68667e-12
3.21951e-14
2.06456e-12
3.11192e-11
1.20321e-10
2.8804e-10
5.48312e-10
8.33596e-10
9.82143e-10
9.34952e-10
9.31689e-10
1.42996e-09
2.30938e-09
2.45251e-09
1.49046e-09
4.68301e-10
8.11373e-11
6.98536e-11
7.67823e-11
1.25066e-10
5.9467e-12
6.09609e-10
2.75691e-09
3.896e-09
3.41789e-09
3.47144e-09
4.84175e-09
5.81395e-09
3.48742e-09
9.50233e-10
1.88567e-09
1.93011e-09
1.69567e-09
3.06094e-09
1.88947e-09
5.45422e-11
1.29292e-09
4.2201e-09
7.73327e-09
1.5191e-08
2.62232e-08
3.62953e-08
4.22777e-08
3.33562e-08
1.29308e-08
3.04998e-09
7.52417e-09
1.37615e-08
1.56345e-08
1.53874e-08
1.25596e-08
6.74094e-09
1.12599e-09
3.7161e-09
2.53462e-08
4.62627e-08
5.75953e-08
6.12661e-08
4.02951e-08
3.51114e-08
6.2423e-08
6.35382e-08
5.72815e-08
6.4334e-08
2.95935e-08
8.6861e-10
1.78396e-08
1.53572e-08
7.63098e-10
3.32406e-09
8.10295e-09
5.43685e-09
1.18116e-09
1.30038e-08
5.15161e-08
1.00614e-07
1.15406e-07
9.19379e-08
8.26975e-08
6.56236e-08
2.27666e-08
5.51877e-09
1.45071e-08
4.19387e-08
8.74456e-08
8.85789e-08
4.18325e-08
3.29139e-08
5.76023e-08
1.01844e-07
1.79879e-07
2.67993e-07
3.17502e-07
2.63431e-07
1.50933e-07
9.11862e-08
1.01625e-07
1.10807e-07
1.3615e-07
2.5998e-07
4.0731e-07
3.99422e-07
2.38417e-07
1.12581e-07
1.16329e-07
1.23207e-07
1.93053e-08
6.64662e-08
3.68237e-07
5.89103e-07
5.15684e-07
2.70437e-07
6.16928e-08
1.49513e-07
6.88707e-07
1.41378e-06
1.93082e-06
1.79281e-06
1.08029e-06
5.60396e-07
5.1076e-07
5.19254e-07
3.12954e-07
1.25493e-07
8.0262e-08
4.3878e-08
6.84794e-08
1.36507e-07
1.27976e-07
1.02914e-07
1.1232e-07
1.52036e-07
2.40697e-07
2.72394e-07
2.75752e-07
3.95861e-07
4.55646e-07
3.69538e-07
3.12137e-07
3.3267e-07
3.68388e-07
3.68429e-07
3.93764e-07
4.77935e-07
4.21873e-07
1.39737e-07
5.1193e-08
2.83899e-07
4.3075e-07
3.08342e-07
2.02108e-07
3.22683e-07
6.35198e-07
1.01575e-06
9.32861e-07
4.62892e-07
4.2944e-07
7.96744e-07
8.83211e-07
5.77164e-07
2.29982e-07
8.95617e-08
1.9784e-07
4.97476e-07
7.97758e-07
7.78576e-07
4.41992e-07
1.64266e-07
1.05891e-07
1.42683e-07
1.47213e-07
9.31544e-08
2.84678e-08
1.32659e-10
2.02731e-08
4.82167e-08
4.19801e-08
2.3077e-08
1.17725e-08
9.04129e-09
1.23599e-08
1.6227e-08
2.15773e-08
3.36492e-08
4.39426e-08
7.11227e-08
1.04107e-07
8.11309e-08
2.62219e-08
1.47652e-09
6.79746e-09
2.04552e-08
2.15368e-08
6.14545e-09
3.32185e-09
2.54674e-08
5.36225e-08
5.67038e-08
3.25547e-08
1.1122e-08
4.90185e-09
5.99282e-09
8.8566e-09
1.25363e-08
1.4008e-08
1.32256e-08
8.78491e-09
3.07496e-09
3.18347e-09
9.53659e-09
3.14353e-08
8.28658e-08
1.2798e-07
1.08612e-07
5.45402e-08
2.16008e-08
1.15173e-08
9.7052e-09
9.3564e-09
9.25475e-09
1.13316e-08
1.68284e-08
2.36939e-08
2.92761e-08
2.72184e-08
1.48836e-08
3.9829e-09
6.79087e-10
2.92545e-11
4.30074e-10
1.4202e-09
2.88461e-09
4.5393e-09
6.16929e-09
7.56722e-09
8.03555e-09
6.75118e-09
4.2143e-09
1.98679e-09
1.42701e-09
1.81972e-09
1.57838e-09
8.92917e-10
3.12599e-10
1.22144e-11
3.68443e-10
1.05619e-09
1.30356e-09
1.33356e-09
1.85946e-09
2.61968e-09
2.98929e-09
3.04274e-09
2.7864e-09
2.34816e-09
2.12946e-09
1.79218e-09
1.07913e-09
4.15259e-10
3.42392e-10
9.31571e-10
1.22199e-09
8.5742e-10
4.4395e-10
2.09415e-10
5.82172e-11
1.81648e-11
5.92353e-11
5.37632e-11
1.9038e-11
2.50586e-12
1.21659e-13
2.26016e-15
1.74657e-12
7.78618e-12
1.16853e-11
6.62606e-12
5.75886e-12
4.81449e-11
8.4322e-11
2.17284e-11
6.37811e-11
3.36266e-10
5.42678e-10
4.83808e-10
2.32483e-10
3.19888e-11
2.18818e-11
5.51259e-11
2.20466e-10
6.03481e-10
8.84898e-10
1.01549e-09
1.4108e-09
2.25675e-09
2.4782e-09
1.08639e-09
1.36498e-11
9.27164e-10
1.89484e-09
1.37896e-09
4.49186e-10
1.68143e-10
8.81858e-11
2.03632e-10
7.10674e-10
2.21382e-10
9.51467e-10
5.53458e-09
8.89853e-09
6.20372e-09
1.4521e-09
1.29054e-10
1.25736e-09
1.65448e-09
1.41481e-09
1.82605e-09
2.40275e-09
2.70769e-09
3.35437e-09
4.23706e-09
3.94587e-09
2.77765e-09
1.8646e-09
1.92927e-09
2.48025e-09
2.46573e-09
4.96871e-09
6.58545e-09
3.76652e-09
1.63184e-09
6.30884e-10
1.50084e-10
1.08547e-09
1.71459e-09
2.02909e-09
3.84265e-09
9.79695e-09
2.0279e-08
2.72365e-08
2.31696e-08
1.29956e-08
4.70117e-09
1.10007e-09
2.70402e-09
1.02204e-08
1.98829e-08
2.0213e-08
1.0027e-08
2.70851e-09
2.60663e-09
5.85188e-09
8.02686e-09
6.39097e-09
5.04946e-09
1.44673e-08
3.22882e-08
3.36867e-08
1.82628e-08
8.94381e-09
1.20903e-08
2.6016e-08
3.27577e-08
1.89426e-08
4.67324e-09
1.90782e-09
2.81233e-09
4.50262e-09
6.35091e-09
5.46327e-09
3.89265e-09
3.90369e-09
9.27156e-10
1.70264e-09
9.30674e-09
1.82761e-08
2.23604e-08
1.60996e-08
9.62737e-09
6.65557e-09
5.79086e-09
6.883e-09
8.48562e-09
1.19858e-08
1.27794e-08
7.15533e-09
2.5769e-09
3.89162e-09
9.4016e-09
1.22638e-08
1.00162e-08
8.52056e-09
1.20264e-08
2.69634e-08
5.0134e-08
5.70672e-08
3.87558e-08
1.77375e-08
7.74062e-09
5.04797e-09
5.50609e-09
6.77362e-09
1.67827e-08
4.46362e-08
8.00314e-08
9.55861e-08
8.16543e-08
5.56261e-08
3.53656e-08
2.59946e-08
2.47042e-08
2.5725e-08
1.84953e-08
4.98608e-09
1.03102e-09
3.8608e-09
3.24001e-09
1.39547e-09
1.00917e-09
7.54194e-10
5.16792e-10
5.73288e-09
2.18624e-08
3.51822e-08
2.66406e-08
1.19448e-08
1.32973e-08
2.01287e-08
1.81816e-08
9.16029e-09
1.79876e-09
2.46253e-09
6.38141e-09
8.17169e-09
1.06474e-08
1.22916e-08
1.29898e-08
1.32763e-08
1.10518e-08
1.12123e-08
1.84844e-08
3.31279e-08
4.17794e-08
3.20705e-08
1.77877e-08
9.91816e-09
4.7496e-09
1.56823e-09
2.81846e-10
8.99476e-10
2.44678e-09
9.04658e-09
2.43712e-08
3.2403e-08
2.58602e-08
2.09515e-08
2.40683e-08
2.78436e-08
2.7077e-08
2.48527e-08
2.46395e-08
2.26444e-08
1.38341e-08
4.98227e-09
4.18049e-09
4.23054e-09
9.41544e-10
4.7606e-10
2.33809e-09
3.46545e-09
4.62438e-09
6.98591e-09
8.88277e-09
1.17762e-08
1.76326e-08
2.07519e-08
1.60762e-08
7.76252e-09
2.55773e-09
1.68983e-09
2.1238e-09
1.34022e-09
3.35e-10
1.82294e-10
4.7807e-10
1.42145e-09
2.58784e-09
2.90679e-09
4.06693e-09
7.90417e-09
9.04333e-09
4.70928e-09
9.68172e-10
6.12668e-10
1.15319e-09
1.25481e-09
8.12126e-10
5.58672e-10
1.34195e-09
4.53146e-09
9.47063e-09
1.0019e-08
6.05136e-09
3.00087e-09
2.02535e-09
1.91884e-09
1.92246e-09
1.91817e-09
2.04715e-09
1.59329e-09
5.60641e-10
4.67441e-11
1.4939e-10
5.58208e-10
8.42015e-10
1.03189e-09
1.05607e-09
7.80861e-10
1.05935e-09
1.85626e-09
1.66083e-09
6.99618e-10
4.30149e-10
8.39961e-10
9.81546e-10
6.84395e-10
3.44845e-10
1.45572e-10
8.29591e-11
1.08633e-10
1.16507e-10
6.86171e-11
3.61507e-11
6.39656e-12
9.7582e-12
3.52216e-11
1.83683e-11
6.32459e-12
2.47682e-12
1.51023e-12
8.68517e-12
7.93322e-12
1.67259e-12
1.77791e-13
1.5048e-12
1.64703e-12
6.11848e-12
2.54019e-11
6.92424e-11
1.15269e-10
1.09104e-10
6.67854e-11
5.48701e-11
8.74053e-11
1.67683e-10
2.61726e-10
3.91818e-10
5.29865e-10
5.8133e-10
7.37681e-10
1.17594e-09
1.32877e-09
5.96214e-10
5.41209e-11
3.30577e-10
7.9356e-10
1.41342e-09
1.81761e-09
1.00813e-09
2.21108e-11
4.42367e-10
8.6441e-10
6.49961e-10
5.69274e-10
9.30286e-10
1.91135e-09
2.73775e-09
2.1669e-09
8.20827e-10
3.58943e-10
8.57593e-10
1.1329e-09
9.57665e-10
9.75558e-10
1.74269e-09
4.2427e-09
5.39886e-09
2.0296e-09
8.85302e-10
5.25534e-09
8.12556e-09
6.14363e-09
2.62144e-09
1.36044e-09
3.59706e-09
8.54003e-09
1.36335e-08
1.38871e-08
7.89991e-09
2.33633e-09
1.01773e-09
1.12792e-09
3.7617e-09
8.02912e-09
9.09885e-09
7.55425e-09
5.92638e-09
5.49883e-09
7.45017e-09
9.02258e-09
4.63406e-09
2.53311e-10
3.70358e-10
1.09456e-09
2.76063e-09
4.10116e-09
3.75531e-09
2.33572e-09
2.80887e-09
2.77497e-09
2.24494e-09
3.38626e-09
5.31497e-09
9.40814e-09
1.6129e-08
1.91618e-08
1.04686e-08
1.32821e-09
1.09702e-08
2.23919e-08
2.35009e-08
2.43136e-08
2.91259e-08
2.99717e-08
2.73812e-08
1.95062e-08
5.70894e-09
4.82384e-09
8.8139e-09
5.00518e-09
1.20443e-09
3.05854e-10
6.44096e-10
6.20117e-09
1.43863e-08
1.10532e-08
2.66637e-09
1.42658e-09
1.13282e-09
7.81514e-10
1.12024e-09
5.30796e-09
1.34828e-08
1.28385e-08
5.80865e-09
2.94128e-09
3.24916e-09
1.5132e-09
2.12975e-09
1.08616e-08
2.02891e-08
1.94952e-08
9.75416e-09
5.56195e-09
9.62448e-09
1.69979e-08
2.39406e-08
2.83776e-08
2.93058e-08
2.31266e-08
1.34868e-08
2.04527e-08
3.47811e-08
2.94364e-08
1.23069e-08
6.99472e-09
1.48775e-08
2.06074e-08
2.55327e-08
3.64368e-08
4.01485e-08
3.13009e-08
1.24695e-08
4.66308e-10
1.12678e-08
2.62728e-08
3.03424e-08
2.59217e-08
1.79697e-08
1.51905e-08
1.87114e-08
1.76535e-08
1.30412e-08
8.98663e-09
3.11617e-09
3.58534e-10
3.67773e-09
4.73164e-09
4.28708e-09
4.34979e-09
2.42951e-09
3.35576e-09
5.01539e-09
4.93217e-09
5.33137e-09
4.79407e-09
8.22116e-10
5.63218e-09
1.63025e-08
1.48338e-08
1.15868e-08
1.66556e-08
2.26911e-08
2.96099e-08
3.56235e-08
3.29437e-08
2.47328e-08
1.61642e-08
6.50633e-09
1.05767e-09
5.67536e-09
1.06467e-08
6.32889e-09
2.33593e-09
1.12057e-08
1.99401e-08
1.9549e-08
1.78106e-08
1.92056e-08
1.68635e-08
6.31094e-09
1.4236e-09
1.0844e-08
2.31486e-08
2.6156e-08
2.35637e-08
2.74573e-08
3.45146e-08
2.9859e-08
1.67806e-08
7.84996e-09
4.88033e-09
4.49828e-09
4.4901e-09
4.42872e-09
3.43254e-09
1.96254e-09
3.87579e-09
7.82311e-09
7.79369e-09
4.86642e-09
4.20962e-09
6.584e-09
7.59427e-09
4.07352e-09
4.95034e-09
1.1299e-08
1.20086e-08
1.08979e-08
1.47327e-08
1.75463e-08
1.46397e-08
8.91494e-09
4.20404e-09
2.42881e-09
2.12716e-09
4.57852e-10
1.0134e-09
5.75212e-09
6.98351e-09
5.34553e-09
8.63812e-09
1.27319e-08
1.11831e-08
8.14975e-09
7.6146e-09
9.52436e-09
9.22475e-09
4.28809e-09
1.24139e-09
2.43188e-09
4.05916e-09
4.03587e-09
2.93145e-09
2.33207e-09
2.52147e-09
2.29212e-09
1.56698e-09
9.41681e-10
5.40283e-10
4.43528e-10
5.96798e-10
1.14125e-09
1.95309e-09
2.29017e-09
2.05847e-09
1.72541e-09
1.15627e-09
4.90814e-10
1.75969e-10
1.67069e-10
1.84175e-10
7.16376e-11
2.39466e-12
5.48352e-11
4.06636e-11
9.41514e-12
1.18661e-10
2.20753e-10
2.02956e-10
1.31272e-10
5.93858e-11
1.56093e-11
1.09675e-12
3.41122e-13
1.96117e-12
1.29037e-11
3.28386e-11
5.89429e-11
1.71365e-10
3.64224e-10
4.06914e-10
2.61888e-10
1.55563e-10
2.21028e-10
3.84425e-10
2.38593e-10
2.69382e-11
3.80951e-10
8.81619e-10
8.55424e-10
4.11891e-10
2.23812e-10
5.35861e-10
7.38262e-10
5.41531e-10
4.91142e-10
9.90357e-10
1.76797e-09
2.65828e-09
4.05103e-09
6.4209e-09
8.35398e-09
7.85287e-09
5.37885e-09
2.23774e-09
2.75708e-10
3.79466e-10
1.49161e-09
2.04947e-09
1.69182e-09
2.16094e-09
2.8831e-09
2.2454e-09
2.7947e-09
7.75773e-09
1.32824e-08
1.7729e-08
2.18175e-08
2.1815e-08
1.78602e-08
1.32234e-08
1.11885e-08
1.53892e-08
2.13355e-08
1.58753e-08
3.06166e-09
3.61399e-09
1.29104e-08
1.24463e-08
9.62911e-09
1.31813e-08
1.95946e-08
2.19551e-08
1.13604e-08
1.08202e-09
5.85235e-09
1.11295e-08
7.49174e-09
5.48867e-09
9.38899e-09
1.28942e-08
1.33871e-08
1.48663e-08
1.974e-08
2.43008e-08
2.51039e-08
2.48806e-08
2.75594e-08
3.11626e-08
2.47347e-08
1.06102e-08
8.51422e-09
1.05737e-08
4.43166e-09
2.45778e-10
7.04627e-10
3.93391e-09
1.43887e-08
3.04582e-08
3.17712e-08
1.78059e-08
1.00205e-08
1.66866e-08
2.59126e-08
2.81971e-08
3.31092e-08
3.99343e-08
4.21253e-08
3.58995e-08
1.98579e-08
7.36378e-09
8.6466e-09
6.56111e-09
1.40525e-09
1.2984e-08
2.49485e-08
1.71717e-08
6.80264e-09
8.03676e-09
2.18563e-08
3.81474e-08
2.91661e-08
1.24374e-08
3.15829e-08
5.65337e-08
3.79479e-08
5.60711e-09
4.01035e-09
2.00582e-08
2.81245e-08
3.3278e-08
4.8042e-08
5.47671e-08
4.03506e-08
2.79361e-08
3.31793e-08
5.07564e-08
5.40216e-08
3.36003e-08
1.35559e-08
4.41631e-09
4.89952e-09
6.5437e-09
4.28132e-09
1.91237e-09
8.21321e-09
3.11168e-08
4.98161e-08
4.28471e-08
3.0026e-08
4.60304e-08
6.21357e-08
4.77665e-08
4.57696e-08
6.81065e-08
7.58031e-08
5.5016e-08
2.84578e-08
2.0953e-08
2.37758e-08
1.98515e-08
1.89614e-08
2.3069e-08
1.94959e-08
5.97198e-09
1.10162e-09
1.04046e-08
1.9652e-08
2.5797e-08
1.52806e-08
7.19141e-09
3.8833e-08
7.74252e-08
8.20238e-08
6.24897e-08
3.69805e-08
1.55882e-08
7.12994e-09
1.31178e-08
3.416e-08
5.22043e-08
4.44527e-08
2.80267e-08
2.2335e-08
2.78126e-08
3.64924e-08
3.70666e-08
2.38808e-08
7.05077e-09
6.18277e-09
1.26329e-08
1.59909e-08
1.61052e-08
1.35404e-08
1.94249e-08
3.39867e-08
4.70735e-08
5.97648e-08
8.03739e-08
8.59446e-08
5.90098e-08
3.02109e-08
2.5626e-08
3.22226e-08
2.76925e-08
1.4917e-08
1.38112e-08
2.28214e-08
1.96037e-08
7.28366e-09
2.15819e-09
2.39301e-09
2.27276e-09
3.3551e-09
5.52703e-09
7.10293e-09
1.50721e-08
2.45903e-08
3.3148e-08
5.46548e-08
7.70739e-08
8.0594e-08
6.76331e-08
4.75195e-08
2.6847e-08
1.39228e-08
1.14985e-08
1.44424e-08
1.4316e-08
9.82031e-09
1.15167e-08
2.68111e-08
5.02669e-08
6.11132e-08
4.7411e-08
2.17861e-08
3.2343e-09
1.95436e-09
1.45748e-08
3.13047e-08
3.59676e-08
1.85878e-08
3.10542e-09
4.55178e-09
3.82657e-09
7.4996e-11
1.68232e-09
1.61066e-09
3.45183e-09
8.66162e-09
1.02212e-08
1.27945e-08
2.10725e-08
2.34044e-08
1.18496e-08
1.06678e-09
5.81338e-09
2.11747e-08
3.3414e-08
3.37418e-08
2.28978e-08
1.23916e-08
1.08238e-08
1.70562e-08
2.18687e-08
1.9073e-08
2.30787e-08
3.48368e-08
3.10482e-08
1.78494e-08
1.18434e-08
9.5357e-09
7.801e-09
5.46584e-09
2.49828e-09
5.89151e-10
2.17207e-10
3.27458e-10
3.70629e-10
7.13237e-10
7.99956e-10
4.28123e-10
9.98377e-11
3.32378e-12
5.88456e-12
2.60985e-11
7.60523e-12
9.50385e-11
7.14657e-10
1.29603e-09
1.05578e-09
6.80546e-10
1.0027e-09
1.78369e-09
2.76206e-09
4.29784e-09
5.67514e-09
4.45725e-09
1.08283e-09
1.92351e-10
2.63704e-09
5.60163e-09
6.15787e-09
2.99373e-09
6.22777e-10
1.48245e-09
1.32499e-09
8.36381e-11
8.04029e-10
4.08065e-09
5.73657e-09
1.27592e-08
3.45653e-08
2.91469e-08
